  99999   -3.07  6.43  7.05 
  -2.29   -2.03  7.58  7.92 
  99999 < -4.34  7.18  7.46 
  -2.68   -2.23  7.70  7.84 
< -5.97 < -5.84  6.44  6.65 
< -6.26 < -6.35  4.38 99999 
< -6.82   -5.67  5.59 99999 
< -6.47 < -6.38  4.75 99999 
  -1.47   -1.72  8.10  8.10 
  -4.64   -3.53  6.39  6.64 
< -6.34   -5.96  5.26 99999 
  -1.51   -1.63  8.15  8.58 
  -4.03   -3.02  7.12  7.13 
  99999 < -4.64  6.03 99999 
  -1.01   -0.60  9.48  8.64 
  99999 < -4.64  7.41 99999 
  -0.54   -0.45  9.33  9.18 
  -3.67   99999  6.53  6.96 
  -0.36   -0.22  9.48  9.44 
  -1.98   -2.27  8.66  7.34 
< -6.26   -3.96  6.89  5.91 
  99999   -3.11  6.68  7.23 
< -6.25 < -6.27  6.80 99999 
  -1.38   99999  8.63  8.16 
  -2.89   -2.54  7.39  7.59 
< -6.36 < -6.30  5.02 99999 
< -5.56   -5.00  7.15  5.00 
< -5.51 < -6.54  7.03  5.40 
  -4.28   -3.81  6.30  5.52 
  -2.61   -2.33  7.80  7.69 
< -6.38 < -6.28  6.38 99999 
  -2.10   -1.94  7.72  8.18 
  -6.33 < -6.09  8.21  3.74 
  99999   -4.34  6.36  6.54 
  -6.21 < -6.59  6.50  5.55 
< -6.35   99999  7.56 99999 
  99999   -4.85  5.83 99999 
< -6.52   99999  5.94 99999 
  -5.57   -5.71  5.78  5.54 
< -6.42 < -6.32  5.88 99999 
  99999   -2.68  7.69  7.34 
  -4.73   99999  8.36  5.08 
< -7.73   -3.12  8.90  5.58 
  -3.12   -2.42  7.22  8.44 
  -5.88   -3.59  9.09  6.42 
  -0.27   -0.01 10.73  9.73 
  -2.90   -2.46  7.71  7.53 
  -6.54   -6.16  7.17  5.53 
  -5.75   -5.71  5.22  5.53 
  99999 < -5.29  5.54 99999 
  -0.55   -0.25  9.50  9.18 
< -6.43 < -6.20  5.43  5.64 
   0.26    0.34 10.98  9.09 
  99999 < -5.18  6.45  7.00 
< -5.72   -3.83  6.85  5.99 
  -4.14   -2.86  7.08  7.06 
  -4.98   -3.91  6.83  6.03 
< -6.77   -6.09  5.60 99999 
  -5.82 < -6.49  6.07  5.53 
< -6.42 < -6.30  5.42  5.65 
  -1.34   99999  8.85  8.65 
  -6.87   -6.22  6.24  5.60 
  -0.78   -0.56  9.41  9.32 
  99999   -3.79  6.16  6.64 
< -6.30 < -6.37  4.68 99999 
< -6.76   -5.81  5.67  5.24 
  99999   -8.11  6.86  5.39 
< -6.20 < -6.10  5.28 99999 
< -6.85   -5.23  5.96  5.02 
  -2.35   -2.04  8.10  7.80 
  -5.51 < -6.39  5.58  5.40 
  -2.25   -2.27  8.03  7.80 
  -2.60   99999  7.37  7.08 
  99999 < -6.05  4.88 99999 
  -2.33   -2.30  7.60  7.58 
  99999 < -5.25  6.35 99999 
  -1.50   -2.23  9.26  7.91 
  -6.30   99999  6.47  5.62 
  99999 < -5.21  6.48 99999 
< -6.59   99999  6.03  5.56 
  -6.63   -6.05  7.33  5.44 
< -6.60   99999  5.73 99999 
  -3.02   -2.80  7.11  7.47 
< -6.33 < -6.40  4.87 99999 
  99999 < -6.29  4.54 99999 
< -5.71 < -6.47  5.78 99999 
  -6.12 < -6.37  5.28 99999 
  99999 < -6.40  5.03 99999 
  -1.66   -1.86  8.54  7.93 
  99999 < -6.44  5.16 99999 
  -6.05   99999  6.55 99999 
  99999   -2.17  7.56  7.82 
  -2.01   -1.70  8.35  8.02 
  -2.35   99999  7.81  8.09 
  -0.35   -0.25  9.62  9.40 
  -2.85   99999  7.39  7.38 
  -3.05 < -3.82  7.30  6.92 
  -1.20   -1.52  8.96  8.00 
  99999 < -4.09  5.30 99999 
   0.23    0.14 10.60  9.73 
  99999 < -3.90  7.04 99999 
  99999   -4.39  6.73 99999 
  -2.72   99999  7.27  6.99 
  -3.60   -2.52  7.96  7.70 
  99999   -2.99  7.13 99999 
  -1.57   -1.48  8.53  8.66 
  -4.20   -3.88  6.81  6.75 
  -2.92   -2.74  7.57  7.27 
  -2.54   -3.01  7.81  7.80 
  99999 < -4.27  7.78 99999 
  -3.50   -2.94  7.08  7.54 
  -1.59   -1.34  8.53  8.60 
  -2.11   -2.81  7.01  7.65 
  -3.59   -3.02  6.98  7.21 
< -4.47 < -4.46  5.69 99999 
< -4.45   -4.48  6.18 99999 
  -1.10   -0.69  9.49  8.90 
  -0.70   -0.45  9.65  9.22 
  -1.94   -1.61  8.57  8.28 
  99999   -4.43  6.07  5.21 
  -3.43   -3.00  7.35  6.86 
  -3.53   -3.51  7.02  6.76 
  -1.46   -1.33  8.67  8.53 
  -1.89   -1.89  8.52  7.84 
  -0.95   99999  9.17  8.52 
  -4.83 < -4.83  7.59  6.32 
< -9.16   99999  3.45 99999 
  -1.11   -1.59  9.37  8.45 
  99999   -3.37  6.73 99999 
< -9.14   -7.92  3.88 99999 
< -4.35   -4.12  7.23 99999 
  -1.80   -1.65  8.81  8.56 
  -0.09   -0.28 10.98  9.66 
< -4.23   -4.21  7.40 99999 
  -2.18   99999  8.17  8.19 
  99999 < -5.65  7.59  5.65 
  -1.82   -1.65  8.03  8.34 
  -4.58   99999  7.34  8.02 
  -0.01    0.12 10.14  9.60 
  -2.79   -3.00  7.14  7.53 
  -1.90   99999  8.21  7.77 
  -2.32   -2.38  8.07  8.11 
< -1.66   -1.30  8.89  8.43 
< -1.56   99999  8.97  8.74 
  -1.75   99999  9.00  8.04 
< -2.45   99999 10.76 99999 
  -1.63   -1.44  8.75  8.58 
  99999   -7.16  7.55  5.19 
  -0.76   99999 11.21  9.40 
  -0.94   99999  8.32  7.87 
  -2.21   99999  7.50  7.55 
  99999   -2.63  6.55  7.20 
  -2.86   -3.14  6.91  7.18 
  -1.87   99999  8.96  8.61 
< -3.54   99999  8.61 99999 
  -1.32   -1.00  8.93  9.14 
  -0.62   99999 10.64  9.24 
< -1.73 < -4.18  6.67  6.79 
  99999   -2.71  7.27  7.25 
  -3.42   -2.53  7.04  6.84 
  -0.48   -0.47  9.31  8.82 
< -4.10 < -3.76  6.65 99999 
< -4.24   -3.21  6.51 99999 
  -3.09   -3.41  7.34  6.20 
< -6.38   99999  6.80 99999 
  99999 < -3.95  6.67 99999 
  -3.21   -2.57  7.28  7.14 
  99999 < -4.50  7.02 99999 
  -1.42   -1.07  9.30  8.65 
  -2.77   -2.25  7.94  7.86 
  99999   -3.54  6.86 99999 
  99999 < -4.60  7.34 99999 
  99999 < -4.47  7.95 99999 
  -0.38   -0.98 10.97  9.01 
  99999 < -4.68  7.68 99999 
  99999 < -4.35  7.99 99999 
  -0.27   -0.09  9.57  9.29 
  99999 < -4.56  7.18 99999 
  99999 < -4.65  6.41 99999 
  99999 < -4.46  7.38 99999 
  99999   -3.95  6.30 99999 
  99999   -4.81  7.67 99999 
  -1.55   -1.67  8.43  8.04 
  -2.84   -2.26  7.57  7.92 
  99999 < -4.69  6.80 99999 
  99999   -3.67  7.04  5.92 
  99999   -3.14  7.51 99999 
  99999 < -4.61  8.20 99999 
  -2.25   -1.97  8.36  7.69 
  99999   -3.51  6.60 99999 
  99999 < -4.50  7.51 99999 
  -0.57   99999  9.24  8.51 
  -1.38   -1.18  8.49  8.38 
  99999   -2.50  7.54  7.10 
  -0.66   -1.21 10.99 99999 
< -4.92 < -4.15  6.70  6.36 
  -1.61   -1.92  7.97 99999 
< -0.26    0.60 10.60 10.16 
  -2.59   -2.13  8.02  7.56 
  -1.14   99999  9.13 99999 
  99999   -1.46  9.08  9.20 
  -0.28   -1.26 10.85  9.76 
  -1.82   -1.80  8.72  7.63 
  -2.91   -3.43  7.79  8.14 
  -1.28   -0.98  8.17  7.99 
  -0.08   -0.55  9.40  8.30 
  -1.57   99999  8.04  8.23 
  -1.43   -1.34  8.60  8.91 
  -0.48   99999 10.07  9.01 
  -3.29   99999  7.09  7.12 
  -0.98   -0.98  8.62  8.06 
  -2.25   99999  8.18  8.10 
  -0.59   -0.20  9.42  9.35 
  -1.48   -1.33  8.74  8.47 
  -1.25   -1.26  9.04  8.13 
  -1.23   -1.07  9.14  8.65 
  99999   -2.27  7.80  7.76 
< -4.77   -4.13  6.68 99999 
  -0.52   99999  9.42  8.66 
  -1.11   99999  8.75  8.52 
  -1.25   -1.61  8.17  7.46 
  -0.61   99999  9.24  8.31 
  -1.04   99999  8.73  8.98 
  -2.06   99999  7.76  6.81 
  -2.41   99999  7.89  7.80 
  -3.51   -3.51  7.57  7.15 
  -1.37   99999  9.12  8.53 
  -1.66   99999  8.69  8.32 
  -0.83   99999  9.37  8.72 
  99999   -2.33  7.78  7.94 
  99999   -2.91  7.07  7.36 
  -2.04   99999  8.76 99999 
   0.12   99999 10.00  9.34 
  -1.45   99999  9.45  8.94 
< -4.73   -4.37  7.42 99999 
  -2.55   99999  7.68  7.36 
  -1.03   99999  8.94  9.25 
  -1.36   99999  8.46  8.65 
  -1.70   99999  8.13  7.90 
  -1.24   99999  9.44  8.71 
  -2.26   -1.65  8.15  8.31 
  99999   -7.58  6.54  3.64 
  -1.14   99999  9.05  8.38 
  -0.12   99999  9.84  9.44 
  -1.87   99999  8.72  8.64 
  -3.84   -3.49  6.90  6.71 
  -2.50   99999  7.47  8.19 
  -2.44   -1.96  8.05  8.07 
  -1.90   99999  8.16  7.60 
  -2.97   99999  8.56  8.34 
  -2.13   99999  7.92  8.34 
  -1.75   99999  9.00  7.93 
  99999   -3.41  7.14 99999 
  -1.85   -1.82  8.36  8.25 
  -0.62   -0.77  9.34  8.96 
  -1.81   -1.71  8.43  8.28 
  -2.20   -2.17  8.43  8.17 
  -1.90   -1.71  8.13  8.38 
  -0.95   -1.12  8.70  8.63 
  -2.15   99999  8.17  8.00 
  -5.19   -5.07  7.78  6.02 
  -3.38   99999  6.94  6.89 
  -0.15   -0.08  9.86  9.26 
  -2.83   -2.48  7.61  7.76 
  -2.00   -1.50  8.47  8.58 
  -1.74   -1.30  8.74  8.82 
  -1.87   -2.33  8.11  7.70 
< -5.19 < -5.26  5.86  4.83 
  -2.41   -2.23  7.65  7.72 
  -1.39   -1.42  8.18  8.13 
  -3.56   -2.99  7.06  7.16 
  -1.81   -1.66  8.26  8.35 
< -3.16   99999  7.79  7.97 
  -0.38   -0.37  9.80  8.95 
  -2.70   -2.46  7.69  7.66 
  -0.41   -0.56  9.84  8.74 
< -0.75   -0.26  9.22  9.12 
  -0.28    0.09  9.48  9.52 
  -1.15   -1.04  9.20  8.63 
  -0.79   -0.65  9.51  8.88 
  -1.74   99999  8.52  8.26 
  -2.11   -2.24  7.61  7.48 
  -5.23   -3.06  6.93  7.02 
  -2.29   99999  7.83  7.70 
  99999 < -5.37  5.95 99999 
  -2.43   -1.91  8.36  8.28 
  -4.45   -3.26  7.02  6.40 
  -2.13   -2.20  7.34  7.64 
  -0.20   99999  9.56  8.28 
  -2.38   -2.40  7.09  7.61 
  99999   -2.26  7.58  8.01 
  -3.10   -2.99  6.92  6.43 
  99999   -2.12  8.43  7.76 
  -2.91   -2.92  7.30  6.95 
< -9.16   -8.84  4.18  1.91 
  -0.10   -0.02 10.81  9.14 
  -3.57   -3.53  7.55  7.66 
  -3.11   -3.51  6.85 99999 
< -4.29 < -4.34  7.14 99999 
  -4.32 < -4.38  8.10  6.99 
  99999 < -3.81  7.80 99999 
  99999 < -3.55  8.22 99999 
  99999 < -3.54  7.72 99999 
  -1.38   -0.89  8.93  8.99 
  99999   -2.88  7.34  7.10 
  99999   -2.26  7.61 99999 
< -4.40   -2.83  7.03  7.54 
  -2.46   -1.97  8.85  8.23 
  99999 < -3.72  6.99 99999 
  99999 < -2.82  8.21  8.35 
  -1.19   -0.82  9.26  8.83 
  -2.60   -2.67  7.16  7.44 
  99999 < -3.96  7.16 99999 
< -4.42   -3.57  7.28  6.70 
  99999 < -3.78  6.18 99999 
  99999   -3.10  7.46  7.03 
  -2.03   99999  8.50  7.96 
  99999 < -3.85  7.86 99999 
  99999 < -5.41  7.33 99999 
  99999 < -3.89  7.84 99999 
  99999 < -4.68  7.16 99999 
  99999 < -3.96  7.83 99999 
  99999 < -3.96  8.38 99999 
  99999   -3.71  6.58 99999 
  99999   -4.12  7.83  7.03 
  99999 < -3.75  8.41  7.03 
  -1.06   -1.21 10.80 99999 
  99999   -2.85  9.08  7.03 
  -1.42   -1.00  9.07  9.06 
  -2.93   -2.78  7.24  7.04 
  99999 < -4.06  8.52 99999 
  99999 < -3.96  7.45 99999 
  99999 < -3.96  6.45 99999 
< -3.92   -3.02  6.95  7.28 
  99999 < -4.09  6.32 99999 
  -4.33   -3.28  6.99  5.99 
  99999 < -4.04  6.58 99999 
  99999 < -4.62  6.41 99999 
  -2.66   -2.16  8.47  7.51 
  99999   -3.89  7.93 99999 
   0.37    0.17 10.34  9.49 
  99999 < -4.58  6.85 99999 
  99999 < -4.59  6.11 99999 
  99999   -3.08  7.74 99999 
  -2.21   -2.34 10.19  8.43 
< -4.75   -3.38  7.34  6.76 
  99999 < -4.60  7.04 99999 
  -1.61   -1.26  8.69  8.72 
  99999 < -4.50  6.73 99999 
  99999   -3.64  6.65 99999 
  99999 < -4.40  7.22 99999 
  -3.42   -2.83  6.95 99999 
  -1.61   -1.42  8.71  9.15 
  -2.52   -2.45  7.18  6.92 
  -2.12   -1.95  8.20  7.63 
  -2.34   -2.05  8.00 99999 
  -2.74   -2.55  8.71  7.04 
  -2.74   -2.39  7.29  7.80 
  -1.31   -1.16  8.74  8.64 
< -5.25   -4.30  6.11  5.52 
  -2.22   99999  8.71  8.12 
  -4.40   -2.99  7.44  7.19 
  -2.97   -3.58  6.47  6.39 
   0.28    0.16 10.82  9.44 
  99999 < -4.50  6.92 99999 
  99999   -2.73  7.76  7.69 
  -4.60 < -4.43  8.34 99999 
  99999 < -4.39  7.84 99999 
< -5.07   -4.32  7.18 99999 
  -1.98   -1.82  8.48  8.17 
< -5.92   -5.69  4.94  5.63 
  -2.58   -2.58  7.60  7.29 
  99999   -3.80  7.58 99999 
< -5.48   -5.79  5.60 99999 
  -2.20   99999  7.99  7.25 
  99999   -1.37  8.35  8.28 
  -2.69   -2.36  7.62 99999 
  -3.62   -2.32  8.19  8.13 
  -2.21   -1.85  8.05  8.05 
  -3.90   -2.58  7.71  7.49 
  -2.92   -3.06  6.50  7.26 
  -2.59   99999  7.48  7.20 
< -5.08 < -4.94  5.88 99999 
< -5.13   -5.72  7.41  5.51 
  -2.12   -1.85  8.25  8.00 
  -4.40 < -4.96  7.54  6.20 
  -2.96   -2.44  7.88  7.53 
  -4.95 < -5.02  7.70  6.21 
  -1.06   -1.33  9.44  8.05 
  99999   -2.21  8.04  7.97 
  -4.95 < -4.78  8.10  6.21 
  -2.76   -2.51  7.29  7.73 
  -1.30   -1.12  8.41  8.61 
  -1.32   -1.34  8.85  8.74 
  -1.06   -1.22  8.90  8.52 
  -5.23   -3.49  6.12  7.29 
  99999   -3.08  7.13  6.86 
  -2.77   -2.31  8.24  7.77 
< -5.24 < -4.85  6.48 99999 
   0.00    0.04 10.95  9.46 
  -3.49   -4.24  5.63 99999 
   0.21   -0.40 10.59  8.97 
  -2.81   -2.70  7.95  6.87 
< -3.92   -2.67  7.53  7.44 
  -1.51   -1.04  8.40  8.95 
< -4.67   -4.82  8.11 99999 
  -3.18   -3.79  5.98 99999 
  99999   -2.40  7.90  7.31 
< -4.88 < -5.07  5.57 99999 
  -3.21   -2.96  6.87  7.02 
  -2.84   -2.03  7.75  8.45 
  99999   -2.09  8.05 99999 
  99999   -2.67  7.60  7.09 
  -4.27   -3.38  7.12  5.87 
  99999   -2.85  6.97  7.15 
  -4.10   -3.29  6.86  6.97 
  -4.04   -3.65  6.44 99999 
  99999 < -4.21  7.85  7.03 
  -2.88   -2.37  7.83  7.71 
  99999   -4.37  7.08 99999 
  99999 < -4.30  7.77 99999 
  -5.02 < -5.22  6.97  5.46 
  -2.55   99999  7.58 99999 
  -3.53   -3.05  7.11  6.68 
  -4.18 < -5.07  5.57 99999 
  -2.31   -2.32  7.85  7.71 
  -3.40   -2.71  7.87  7.43 
  -1.87   -1.45  8.50  8.55 
  -1.76   -1.37  8.58  8.38 
  -1.06   -1.48  9.57  8.80 
  -2.17   -2.64  6.81  7.54 
  99999   -1.54  8.27  8.53 
  -0.77   -0.53  9.23  9.04 
  99999   -3.52  6.50  5.95 
  -5.13   -5.40  7.18 99999 
  -1.92   -1.59  8.54  7.87 
  -4.14 < -4.98  8.06  6.95 
< -4.00   -1.14 10.95  8.75 
  -1.85   -1.95  8.42  7.86 
  99999 < -5.05  5.92 99999 
  99999   -4.49  8.39 99999 
  -2.81   -2.83  9.27 99999 
  99999   -3.78  7.49 99999 
  99999   -3.63  7.23 99999 
  99999 < -4.46  6.20 99999 
< -5.33 < -5.06  6.31 99999 
  -4.44   -5.51  7.99 99999 
  -1.26   -1.16  8.71  8.26 
  -1.11   -1.20  8.67  8.47 
  -4.91 < -5.07  8.42  6.20 
  99999   -3.00  6.91  6.89 
  99999   -2.02  7.97  7.62 
< -4.36   -3.29  7.90 99999 
  -2.33   -1.92  7.57  7.90 
< -3.65   -3.22  7.19  6.02 
  99999   -7.77  6.42  4.01 
< -5.08   -4.73  6.12  5.69 
< -5.19   -5.39  6.06 99999 
  99999   -2.37  8.32 99999 
  -2.92   99999  7.71  7.35 
  -0.02   -0.05 10.52  9.28 
< -4.25 < -4.28  7.71 99999 
  -1.45   -1.58  8.19 99999 
  -2.57   -2.24  7.49  8.09 
  -4.82   -4.32  6.89  5.01 
  -2.81   -2.58  7.21  7.33 
  -4.27   99999  5.89  5.73 
  99999   -2.51  7.66  7.35 
  99999 < -4.60  7.24  7.37 
  -0.23   -0.18  9.74  9.11 
  -5.07   -4.82  8.37 99999 
  -2.14   -2.16  8.63  8.14 
  -1.00   -0.80  9.06  9.04 
  -3.12   -2.41  7.33 99999 
  -3.64   -3.21  7.01  6.12 
  -4.04   -3.17  6.60  6.86 
  -2.56   -2.60  8.39  6.46 
  -3.22   -2.73  7.36  7.16 
  -2.68   -2.32  7.62  7.21 
  -1.06   -0.94  8.83  8.76 
  -5.12 < -5.34  7.25 99999 
< -8.28 < -8.36  4.87  3.80 
  99999   -2.13  7.98  7.84 
  -3.59   -2.89  7.30 99999 
  99999   -0.87  9.20  8.86 
  -3.04   99999  8.16  8.34 
  -2.45   -2.41  7.64 99999 
  -1.42   -1.63  8.96  8.07 
  -1.86   -1.59  8.03  8.56 
  99999   -2.62  7.79  6.87 
  -1.22   99999  9.50  9.06 
  99999   -3.42  6.46  7.01 
  -2.14   -1.92  8.63  8.00 
  99999 < -4.29  6.85  6.93 
  99999   -3.39  7.62  6.31 
< -4.31   -3.55  7.03  6.85 
< -3.41 < -4.32  6.51  7.41 
  99999   -2.26  8.23  7.60 
< -5.07 < -5.06  6.36  5.23 
  99999   -2.56  8.15  7.46 
  99999 < -4.32  8.04  7.07 
  -1.08   -0.80  8.84  8.97 
< -4.24 < -4.26  5.89 99999 
  99999   -2.77  7.80  8.45 
  -0.08   -0.13 10.33  9.44 
  99999 < -4.16  7.09 99999 
  99999   -4.47  6.65  7.09 
  -0.18   -0.33 10.65  8.94 
  99999 < -4.28  6.82  7.25 
  99999   -3.51  6.94  7.41 
  99999 < -4.31  6.49 99999 
  99999   -3.71  8.53 99999 
  99999 < -4.21  7.17 99999 
< -3.64   -3.04  7.22  6.72 
  99999 < -4.30  6.61 99999 
  99999 < -4.30  6.33 99999 
  99999 < -4.31  7.51 99999 
  99999 < -4.29  7.12 99999 
  99999 < -4.34  7.51  7.03 
  99999 < -4.36  7.76  7.01 
  99999 < -4.25  7.73 99999 
  -0.36   -0.54 10.83  9.18 
  99999   -4.39  7.02  7.13 
< -4.20 < -4.33  7.60 99999 
  99999   -4.35  7.32  7.67 
  99999 < -4.31  7.01 99999 
  99999   -4.08  6.75  7.18 
  99999 < -4.31  7.17 99999 
  99999 < -4.34  7.44 99999 
  -2.22   -1.96  8.33  7.87 
  99999 < -4.30  7.05 99999 
  99999   -2.05  8.18  8.06 
  -1.79   -2.29 10.38 99999 
  99999   -3.78  6.31  7.60 
  -3.10   99999 10.92 99999 
  99999 < -4.31  7.11 99999 
< -4.37   99999 10.56 99999 
  99999 < -4.27  7.01 99999 
  99999 < -4.08  8.94  7.18 
  -1.26   -1.35  9.35  8.49 
  99999   -4.67  6.50 99999 
  99999 < -4.31  6.81 99999 
< -9.07   -8.51  3.72  2.96 
  99999 < -4.28  7.34 99999 
  -2.36   -1.90  8.43  8.35 
  99999 < -4.29  7.14 99999 
  99999   -2.38  7.27  7.18 
  99999   -4.65  7.94  7.04 
  99999   -3.69  6.70 99999 
  99999   -4.38  8.60 99999 
  99999   -4.40  8.08 99999 
  -1.44   -2.40 10.36  7.88 
  99999   -4.22  8.39 99999 
  99999 < -4.31  7.79 99999 
  99999 < -4.67  6.48 99999 
  -0.92   -1.04  9.34  8.83 
  99999   -3.77  8.38  7.40 
  99999   -4.65  7.14  7.53 
  99999 < -4.36  8.02 99999 
  99999 < -4.32  8.18  7.41 
  -3.48   -2.93  7.04 99999 
  99999   -3.39  7.80 99999 
  99999 < -4.31  8.55  7.41 
  99999   -3.92  7.58 99999 
  -0.15    0.00  9.64  9.52 
  -1.94   -2.01  7.88 99999 
  -4.72   -3.56  6.60  6.56 
  99999 < -4.30  7.01 99999 
  -1.95   -1.53  8.78  8.22 
  99999 < -4.33  7.86 99999 
  99999   -3.80  6.96  6.41 
  99999   -2.29  7.56  7.63 
  -2.58   -2.54  7.11  7.71 
  99999   -2.69  7.78  8.85 
  -1.71   -1.85  8.02 99999 
  99999   -4.30  7.61 99999 
  99999   -3.22  7.51  7.06 
  99999 < -4.33  6.63 99999 
  -1.74   -1.62 10.53  7.36 
  99999   -4.64  6.88 99999 
  99999   -4.59  8.23 99999 
  99999 < -4.33  6.43 99999 
  99999 < -5.42  6.68 99999 
  99999   -3.69  6.86  7.22 
  -2.45   -2.24  7.82  7.64 
  99999   -3.93  7.55  6.14 
  -1.31   -1.60  7.59  7.44 
< -3.07   -2.35  7.83  7.97 
  99999 < -4.19  8.62 99999 
   0.50    0.12 11.09  9.65 
  99999 < -4.14  7.32  7.18 
  99999 < -4.11  8.00 99999 
  99999   -3.52  7.50 99999 
  -0.04    0.10 10.52  9.42 
  99999 < -4.48  6.87 99999 
  -1.76   -1.61  8.02  8.32 
  99999   -7.29  6.72  3.44 
  -0.55   -1.55 10.43  8.33 
  99999   -2.74  7.36  7.25 
  99999   -2.83  7.87  7.16 
   0.25    0.10 10.34  9.62 
  99999   -0.12 11.10  8.63 
  99999   -3.57  7.71  7.26 
  99999   -2.18  7.80  8.03 
  99999   -3.47  7.36  7.40 
  99999   -3.23  7.13 99999 
  -3.24   -2.81  7.67 99999 
   0.43    0.26 11.08  9.08 
  99999   -0.07 10.96  9.79 
  99999   -4.78  8.42 99999 
  99999   -3.87  8.36 99999 
  99999   -4.12  8.12 99999 
  99999 < -4.34  7.63 99999 
< -4.51   99999  8.26  7.33 
  99999   -3.15  7.47  6.67 
  -1.79   -1.89  7.66  7.82 
  99999   -3.02  6.88 99999 
  99999   -4.01  6.76  6.97 
< -4.36 < -4.37  8.29  6.83 
  99999   -2.85  7.56  7.52 
  99999 < -7.83  4.46  2.59 
  99999   -2.97  6.79  7.35 
< -7.16   -7.86  4.63  2.78 
  -1.98   -2.11  7.83  7.04 
  99999   -2.77  7.39  7.31 
  -1.37   -1.26  8.92  8.06 
  -2.39   -2.26  7.43  7.93 
  99999 < -7.89  5.05  4.11 
  99999   -2.70  7.73  7.32 
  99999   -4.51  6.60 99999 
  -3.78   -3.02  7.12 99999 
  -5.39   -4.12  6.35  6.54 
  -1.93   -1.67  8.53  8.42 
  99999   -4.38  6.56  6.51 
< -4.23 < -4.48  7.26  6.98 
  -2.64   -2.28  7.42  7.75 
  -3.97   99999  6.54 99999 
  -3.71   -2.92  7.19 99999 
  99999 < -4.52  6.52  7.38 
  -3.62   99999  7.35  7.54 
  99999   -1.74  8.38  8.27 
  99999   -4.54  7.37 99999 
  99999   -2.57  7.80  7.33 
  99999   -1.62  8.51  8.21 
  -1.76   -1.76  8.92  8.08 
< -4.10   99999  9.52 99999 
< -3.52   -4.57  5.73 99999 
< -2.15   -2.67  7.33 99999 
  99999   -3.91  6.47  6.77 
  -2.97   -3.17  7.53 99999 
  -1.04   99999  8.76  8.30 
  99999   -1.46  8.50  7.99 
  99999   -2.79  7.20 99999 
  99999   -3.90  7.35 99999 
  -1.82   -1.65  8.30  8.08 
  -1.23   -1.12  9.36  8.24 
  -1.77   -1.63  8.55  7.73 
  99999   -2.34  7.76  7.22 
  99999   -3.94  8.90 99999 
  99999   -3.76  7.05 99999 
  99999   -2.48  7.84  7.60 
  99999 < -4.89  7.22 99999 
  -3.17   -3.09  7.64 99999 
  99999   -3.07  7.55  7.30 
  99999   -1.46  8.59  8.59 
  -1.17   -0.95  9.24  8.52 
  -3.71   -2.71  7.89 99999 
  -0.92   -0.81  9.25  8.71 
  99999   -1.35  8.37  8.26 
  99999 < -5.43  5.63  4.77 
  99999 < -4.60  7.15 99999 
  -2.02   -2.21 10.00 99999 
  -2.96   -2.40  7.92  7.17 
  99999   -4.17  7.13 99999 
  99999   -1.65  8.19  8.34 
  -2.42   -2.22  7.90  7.47 
  -1.95   -2.34  7.76  7.41 
  -3.06   -2.74  7.29  7.25 
  -2.75   -2.17  7.92  7.69 
  99999   -4.84  6.65 99999 
  99999   -4.03  7.01 99999 
  -3.13   -2.78  7.64  7.53 
  -5.10 < -5.40  7.59 99999 
  -1.02   -1.01  8.60  8.62 
  -1.05   -1.11  9.12  8.57 
  -1.71   -1.39  8.77  8.58 
  99999 < -4.83  6.51 99999 
  -1.45   -1.19  8.59  8.69 
  -0.85   -0.90  8.98  8.46 
  -2.84   -2.53  7.50  7.37 
  99999 < -4.24  6.81 99999 
  -3.42   -3.69  7.55  8.04 
  -2.87   -3.31  8.16  6.97 
  99999 < -4.60  7.39 99999 
  -4.25   -2.88  7.24  7.27 
  -0.61   -0.40  9.61  9.14 
< -4.09   -4.39  7.16  6.93 
  -2.95   -2.61  8.04  7.54 
  -0.90   -0.50  9.52  9.19 
  -1.05   -0.92  9.47  8.70 
  99999   -3.04  7.19 99999 
  -0.95   -0.23  9.56  9.33 
< -4.96   -4.95  6.54 99999 
  -1.92   -2.22  8.82  7.79 
  -3.79   -2.68  7.49 99999 
  99999   -2.88  7.33  7.45 
  99999   -4.11  8.30 99999 
  99999   -4.07  7.85 99999 
  -2.34   99999  8.41  6.94 
  99999 < -5.32  7.60 99999 
   0.44    0.40 10.92  9.62 
  99999   -5.22  7.31 99999 
  -3.92   -4.49  8.41 99999 
  -3.22   -3.08  7.44  6.57 
  99999   -3.10  7.04  6.89 
  99999   -3.87  8.39 99999 
  -3.28   -3.10  6.58  6.06 
  99999 < -4.14  7.75 99999 
  99999   -3.30  9.04 99999 
  99999   -4.50  7.72 99999 
  99999   -2.25  8.02  8.23 
  99999   -1.33 11.01  8.74 
  99999   -4.21  6.63 99999 
  -1.23   -1.10  8.63  8.63 
< -3.69   99999  8.37 99999 
  99999   -3.13  7.13  6.57 
  -2.79   -2.19  7.86  7.65 
  99999   -4.80  7.02 99999 
  -4.14   -1.94  8.73  8.04 
  99999   -3.92  7.44 99999 
  99999   -3.38  7.61  7.06 
  99999 < -7.99  4.58  2.31 
  99999   -3.30  7.37  7.35 
  -2.17   99999  7.89  7.76 
  99999   -3.08  9.36 99999 
< -4.66 < -4.75  6.41  6.25 
  99999   -2.76  6.88  7.36 
  -3.45   -2.82  7.88  6.97 
  99999 < -4.78  7.74 99999 
  -3.34   -2.85  7.50  7.06 
  -2.76   -2.61  7.11  7.26 
  99999   -4.17  7.74 99999 
  99999   -1.28  9.26  8.52 
  99999   -4.86  7.36 99999 
  99999   -2.71  7.05  7.51 
  -4.72   99999  5.25  6.06 
  99999 < -4.61  7.42 99999 
  99999   -2.51  8.12  7.12 
  99999   -4.61  6.59 99999 
  -1.84   99999  8.53  8.57 
  -3.28   -2.50  7.24  7.84 
  -2.35   -1.97  8.35  8.36 
  99999   -2.91  7.84  7.01 
  -0.75   -0.47  9.47  9.08 
< -1.80   99999  8.62  8.88 
  -1.29   -1.78  7.82  7.77 
< -2.86   -2.51  7.44 99999 
  99999 < -9.11  4.24  1.63 
  -2.06   -1.85  8.09  8.03 
  -2.84   -2.32  8.06  7.44 
  -2.46   -2.10  7.74  7.78 
  -4.21   -2.85  7.18  6.95 
  -0.20   -0.24  9.68  8.65 
  -3.30   -2.29  7.64  7.67 
  -4.06   -3.21  7.65  6.26 
  -2.56   -2.18  7.71  7.38 
  -1.40   -1.25  8.74  8.41 
  -1.47   -1.22  8.81  8.59 
< -5.01 < -5.13  7.93 99999 
  -0.76   -1.47  9.66  8.08 
  -2.53   -2.26  8.15  7.73 
  99999 < -4.65  7.17 99999 
  -2.94   -1.97  8.33  7.62 
  99999   -3.35  7.76  6.17 
  -2.19   -1.95  8.15  7.73 
  -2.77   -2.25  7.79  7.50 
  -0.70   -0.62  8.99  8.94 
  99999   -4.20  6.55  6.70 
   0.28    0.08 10.28  9.59 
  -4.42   -3.18  7.09  7.02 
  -3.72   -2.42  7.80  7.59 
  99999   -3.01  7.06  6.59 
  -2.18   -2.03  7.90  7.98 
  -1.69   -1.50  8.24  8.10 
  99999   -2.79  7.18  8.13 
  -1.40   -1.17  8.66  8.44 
  99999   -2.67  7.29  7.13 
  99999   -4.84  8.07 99999 
  -0.12   -0.68 10.27  9.22 
  -0.87   -0.46  9.19  9.03 
  -1.99   -1.73  8.24  8.25 
  -1.21   -1.26  8.72  7.98 
  99999   -3.27  6.90  7.15 
  99999   -3.52  7.55  7.65 
  -2.72   -2.18  7.74  7.84 
  -2.64   -2.11  7.51  7.93 
  -1.77   -1.69  8.21  8.22 
  -0.96   -0.73  8.82  9.00 
  99999   -1.88  7.68  7.77 
  -3.09   -2.43  7.49  7.58 
  99999   -1.80  8.04  7.44 
   0.14    0.19 10.20  9.52 
  -1.04   -0.55  9.60  9.36 
  -3.14   -2.51  8.22  6.77 
  99999   -3.64  6.64 99999 
  -1.63   -1.24  8.80  8.02 
  99999   -2.97  7.26  7.08 
  99999   -4.58  8.05 99999 
  -1.19   -1.58  8.66  8.24 
  99999 < -4.55  7.25 99999 
  99999   -2.44  7.72  7.26 
  99999   -2.70  7.67  7.22 
  -2.61   -1.98  7.56  7.29 
  -3.66   -2.60  7.66  7.08 
  99999   -2.74  7.76  7.35 
  -2.10   -1.66  8.48  7.60 
  99999   -3.41  7.52 99999 
  99999   -2.97  7.36  7.30 
  99999 < -4.36  7.88  7.01 
  -2.48   -2.53  6.79  7.49 
  99999   -2.95  7.24 99999 
  99999   -3.97  6.56 99999 
  99999 < -4.20  7.31 99999 
  99999 < -3.81  8.27 99999 
  99999   -0.39  9.16  9.45 
  99999 < -4.47  7.31  6.85 
  -1.87   -2.08  7.76  8.09 
  99999 < -4.29  7.06  7.03 
  99999   -4.72  7.85  6.96 
  99999   -2.04  8.22  8.33 
  -1.00   -0.51 11.32  8.38 
  -0.66   -0.77  9.70  8.44 
< -4.79   -3.54  6.46  6.75 
  99999 < -5.03  6.86  6.64 
  -4.62   -3.44  7.14  6.97 
  99999 < -4.43  7.39  7.17 
< -3.42 < -4.31  7.59  7.01 
  99999   -4.98  8.33 99999 
  -3.51   -2.64  7.16  7.69 
  -0.75   -0.70  9.48  9.12 
  99999 < -5.02  6.75 99999 
  -1.92   -3.34  9.33  7.27 
  99999   -3.86  6.11 99999 
  99999 < -4.68  7.07  6.83 
  99999   -4.26  7.29 99999 
  99999   -4.91  6.41 99999 
  99999 < -4.57  6.64 99999 
  99999 < -4.14  7.63  7.15 
  99999 < -4.33  7.77  6.96 
  99999 < -5.06  6.41  6.64 
  -0.58   -0.54  9.62  8.87 
  99999   -2.84  7.63  6.96 
  99999   -2.58  7.48  7.06 
  -0.89   -0.84  9.56  8.83 
  -4.24   -2.43  9.50 99999 
  99999   -4.51  6.20 99999 
   0.48    0.76 10.49  9.72 
  99999 < -4.56  7.34 99999 
  -1.89   -1.75  8.19  7.90 
  99999 < -4.68  6.83  6.83 
  99999 < -4.32  8.72 99999 
  99999 < -4.63  6.84 99999 
  99999   -2.32  7.60  7.23 
  99999 < -5.13  6.26  6.64 
  99999 < -5.05  6.68  6.64 
  99999 < -4.63  7.75 99999 
  99999 < -4.28  7.46 99999 
  -2.60   -2.37  7.42  7.93 
  -4.76   -3.54  6.77  6.82 
  -4.88   -4.43  6.60  6.60 
  -0.18    0.33  9.93  9.53 
  -2.31   -0.77  8.88  7.61 
  99999 < -5.01  6.60  6.32 
  -1.63   -1.60  7.80  8.43 
< -1.73   -1.57  8.34  8.09 
< -2.74   -2.81  8.22  7.13 
  99999   -3.86  6.96 99999 
  99999 < -5.09  6.41 99999 
  -1.75   -1.77  7.95  8.37 
  99999   -2.60  7.79  7.52 
  -2.29   -2.11  8.32  7.01 
  -2.54   -2.33  7.92  6.90 
  -1.65   -2.23  8.43  7.29 
  -1.91   -1.41  8.36  8.05 
  -3.31   -2.64  7.19  7.47 
  99999   -1.94  8.40  8.26 
  99999   -2.25  8.08 99999 
  99999   -1.41  8.50  8.52 
  99999   -2.43  7.85  6.93 
  -1.90   -1.61  8.25  8.05 
  -2.96   -2.16  8.83  7.82 
  99999 < -4.61  7.74 99999 
  -1.74   -0.86  8.86  8.43 
  -4.88 < -5.09  7.21 99999 
  99999   -2.95  7.20  7.06 
  99999   -2.94  7.01  7.18 
  99999   -2.88  7.27  7.50 
  99999 < -5.00  6.86 99999 
  -2.39   99999  8.53  8.40 
  -0.43   -0.53 10.56  8.28 
  99999 < -5.05  6.78 99999 
  99999   -3.68  7.22  6.98 
  99999   -2.25  7.64  7.68 
  -3.03   -2.62  7.41  7.28 
  99999 < -5.03  6.26  6.64 
  99999 < -5.04  7.37  6.64 
  99999   -4.05  6.48 99999 
  99999 < -5.06  6.30  6.64 
  -1.56   -1.58  8.49  7.96 
  99999   -4.38  5.93 99999 
  99999   -2.26  7.55  7.36 
  99999   -4.21  6.57  7.08 
  -1.46   -1.49  8.42  8.64 
  -2.52   -1.91  7.59  8.28 
  99999   -2.15  8.00  7.89 
  99999   -2.80  7.11  7.16 
  99999 < -5.16  6.50 99999 
< -4.80   -3.33  7.16  7.38 
  -3.11   99999  8.03  5.72 
  99999   -2.28  7.54  8.13 
  99999 < -4.80  7.78  6.77 
  -2.44   -2.12  8.12  7.90 
  -0.64   -1.03 10.49  8.27 
  99999   -7.36  4.59  4.10 
  99999 < -4.98  7.13  6.64 
  -2.13   99999  8.48  7.57 
  99999 < -5.17  6.52  6.64 
  -2.67   -2.62  6.84  6.92 
  -2.45   -2.24  7.82  7.67 
  -0.25   -0.59  9.13  8.86 
  99999   -2.90  7.44  7.81 
  -1.51   -2.24  7.99  7.82 
  99999   -3.24  6.69 99999 
  99999 < -5.29  6.72 99999 
  99999 < -4.84  6.72  6.91 
  -3.30   -2.29  8.02  7.76 
  99999 < -4.93  7.72 99999 
  99999 < -5.02  6.59  6.64 
  99999   -3.63  6.88 99999 
  -1.28   -1.05  8.74  8.83 
  -4.40   -3.71  6.96  5.51 
  99999 < -5.06  7.36 99999 
  -3.26   -2.56  7.49  7.65 
  -0.03   99999 10.66  8.91 
  99999   -3.91  7.28 99999 
  99999   -4.05  8.51  7.41 
  -1.60   -1.28  8.70  8.29 
  99999   -3.86  7.03 99999 
  -2.58   -1.66  8.23  8.08 
  99999 < -4.77  6.87  6.91 
  -2.35   -1.86  8.10  7.72 
  -3.46   -2.95  7.18  7.28 
  -3.02   -2.46  7.78  7.14 
  99999 < -4.46  7.54 99999 
  99999   -1.90  8.79  7.98 
  -3.50   -2.38  8.86  7.37 
  99999 < -4.64  6.90 99999 
  99999 < -5.19  7.46  6.14 
  99999   -3.18  6.55 99999 
  99999 < -4.66  7.21 99999 
  99999 < -5.00  6.03 99999 
  -1.31   -0.96  9.01  8.58 
  99999 < -4.45  6.20 99999 
  99999 < -5.02  5.98 99999 
< -5.26 < -4.79  7.48  5.22 
  -2.00   -1.94  8.19 99999 
  -4.32   -3.61  7.77 99999 
  99999   -3.05  6.98 99999 
< -5.39 < -4.96  8.42  4.92 
  99999   -3.36  7.98  7.16 
  -2.87   -2.49  7.19  7.20 
  99999 < -5.01  6.63 99999 
< -4.46   -4.68  6.83  6.49 
  99999   -5.16  7.42  6.31 
  -1.54   -1.69  8.44  7.93 
  99999 < -4.84  7.25  6.91 
  99999 < -4.47  6.52 99999 
  -2.13   -1.77  8.13  8.33 
  99999 < -5.00  6.32 99999 
  -3.58   -2.99  6.34  7.00 
  -2.70   -2.22  7.73  7.75 
  99999   -4.90  7.03 99999 
  99999 < -4.88  5.74 99999 
   0.21    0.11 11.00  9.62 
  99999 < -4.97  7.05 99999 
  -2.60   99999  7.22 99999 
  99999   -3.85  7.15 99999 
  99999   -3.84  6.01  6.23 
  99999 < -4.94  6.45 99999 
  99999 < -4.77  7.06  6.91 
  99999 < -4.92  6.40 99999 
  -0.32   -0.54  9.73  8.82 
  99999 < -4.91  5.59  6.49 
  99999   -2.70  7.26  7.11 
  99999 < -4.88  6.79  6.91 
< -5.13   -3.15  6.96  7.56 
< -5.41 < -5.05  6.26  5.60 
  99999   -3.35  7.34  6.29 
  -1.99   99999  9.70  8.47 
< -5.31 < -4.74  8.23  5.46 
  99999 < -4.87  7.17  6.91 
< -5.31 < -4.76  7.81  6.30 
  99999 < -5.25  6.12  6.47 
< -3.17   -2.20  9.40  7.88 
  99999   -3.79  7.33 99999 
  99999 < -4.79  6.95  6.60 
  99999 < -4.92  7.02 99999 
< -5.17   -4.26  7.46  5.83 
  99999 < -4.93  6.90  6.71 
  99999 < -5.10  5.81 99999 
  -4.26   -3.09  7.31  6.86 
  99999 < -4.99  7.01  6.67 
  99999 < -4.95  7.12 99999 
  -0.06   -0.65 10.89  8.44 
  99999 < -4.87  6.78  6.75 
  99999 < -4.97  7.13 99999 
  99999 < -4.95  7.42 99999 
  99999 < -4.84  6.36  6.58 
  99999 < -4.83  6.88  6.75 
  99999 < -5.13  6.45  6.64 
  99999 < -4.82  6.29  6.60 
  99999   -5.05  7.03 99999 
  99999 < -4.83  6.14  6.75 
  -2.78   -2.18  8.25  7.59 
  99999 < -4.54  7.00 99999 
  99999 < -4.93  6.50  6.36 
  -1.82   -1.80  8.35  8.18 
  -3.27   -2.97  7.42 99999 
< -7.62 < -7.67  6.10  3.08 
  99999 < -4.85  6.75  6.75 
  -2.95   -2.54  7.20 99999 
  99999 < -5.26  6.52  6.45 
  99999   -2.51  7.67  6.91 
  -1.12   -0.98  8.84  8.59 
  99999 < -5.01  7.11 99999 
   0.46    0.29 10.97  9.32 
  99999 < -4.76  6.17 99999 
  99999   -3.89  6.73  6.75 
  -0.54   -1.05 10.59  8.14 
  99999 < -4.85  6.79  6.75 
  99999 < -4.83  6.20  6.75 
  99999 < -4.82  7.79  7.66 
  99999 < -4.86  7.73  6.55 
  99999 < -5.19  6.16  6.64 
  -2.66   99999  7.54  7.29 
  99999 < -4.87  6.04  6.75 
  99999 < -5.08  5.79  6.64 
  -4.15   99999  7.09  6.37 
< -4.43   -4.08  8.13 99999 
  99999 < -4.90  6.92  6.53 
  99999 < -5.07  7.03  6.45 
< -4.40   99999  8.95  6.54 
  -1.54   -1.41  8.51  8.52 
  -1.96   -1.99  8.02  7.42 
  -0.81   99999  9.75  9.17 
  99999 < -4.87  6.79  6.77 
  -4.42   -2.77  7.73  7.29 
  99999 < -4.85  7.19  6.75 
< -5.18   -5.16  8.21  6.69 
  99999 < -5.02  5.85  6.62 
  -2.45   -2.47  7.77 99999 
   0.44    0.20 10.86  9.99 
< -4.81   -3.52  6.73  6.71 
  99999 < -4.88  6.52  6.75 
  99999 < -4.84  7.08  6.75 
  -2.53   -2.28  7.61  7.90 
< -4.69   -2.69  7.21  7.60 
  -2.26   -2.38  8.43  7.48 
  99999 < -5.08  6.49  6.64 
  99999 < -4.53  7.08 99999 
  -2.42   -2.26  7.97  7.08 
  -2.44   -2.43  7.74  7.89 
  -2.61   -2.47  7.56  7.36 
  -0.64   -1.09  9.08  7.91 
  -2.63   -2.38  8.21  7.04 
  99999 < -4.82  6.59  6.78 
  99999   -2.93  6.74 99999 
  99999 < -4.88  7.06  6.75 
  -1.92   -1.83  8.88  7.70 
  99999 < -5.09  7.17  6.63 
< -5.39 < -4.92  7.75  5.78 
  -3.37   99999  7.60 99999 
  -2.11   -1.72  7.89  8.03 
  99999 < -5.29  6.61  6.45 
  -3.25   -2.64  7.57  6.76 
< -5.38   99999  7.52  6.36 
  99999 < -4.88  6.31  6.91 
  -1.88   99999  7.86  7.87 
< -5.51   99999  7.15  5.50 
< -5.18 < -4.83  7.11  5.36 
  -1.49   -1.45  9.05  7.82 
  -3.12   -2.52  7.54  7.33 
  99999 < -4.79  7.54 99999 
  99999   -4.28  8.72 99999 
  -6.04   -4.17  6.51  5.92 
  -1.68   99999  8.62  8.36 
  -3.34   -2.85  7.41  7.05 
  99999 < -4.71  7.07 99999 
  99999 < -4.62  6.26 99999 
  99999 < -4.48  7.88 99999 
  99999 < -4.88  6.50  6.91 
< -4.65   -3.36  7.83  6.69 
  99999 < -9.00  5.29  2.98 
  -4.37   -4.15  7.51 99999 
  99999   -8.90  3.70  1.62 
  99999 < -8.73  5.15  2.39 
< -1.05   -0.73  9.37  8.83 
  99999 < -4.87  6.87  6.91 
  99999 < -3.50  6.90 99999 
  99999 < -4.76  7.27 99999 
   0.46    0.52 10.79  9.86 
  99999 < -4.86  6.75  6.91 
  -0.83   99999  8.57  8.48 
  99999   -5.27  6.17 99999 
  99999 < -3.50  8.18 99999 
  99999   -3.83  8.48 99999 
  -1.92   -2.82  7.02 99999 
  -0.89   -0.69  9.21  9.01 
  99999 < -3.49  7.78 99999 
  -1.62   -1.51  8.26  8.60 
  99999 < -3.52  7.47 99999 
  99999 < -4.89  6.87  6.91 
  99999 < -4.74  6.68 99999 
  -5.47   -3.78  6.18  6.35 
  99999 < -4.68  6.14 99999 
  99999 < -3.51  7.45 99999 
  99999 < -3.51  6.96 99999 
< -4.59   99999  6.74 99999 
  99999 < -3.50  7.87  7.84 
  99999 < -3.48  7.13  7.83 
  99999 < -4.86  6.88  6.91 
  99999 < -3.48  7.47 99999 
  99999 < -4.86  6.54  6.91 
  99999 < -3.49  7.42 99999 
  99999 < -4.70  6.79 99999 
  99999 < -4.86  6.26  6.91 
   0.04   99999 10.60  9.30 
  -2.54   -2.24  7.73  7.97 
  99999 < -4.86  6.08  6.91 
  -3.97   -2.98  7.06  7.10 
  99999 < -4.71  6.95 99999 
  99999 < -3.95  8.40  7.56 
  -1.08   -0.80  9.03  8.82 
  -2.63   -2.24  7.93  7.52 
  -3.59   99999  7.51  7.78 
< -4.64 < -4.26  6.92  6.16 
  -2.37   99999  7.69  7.78 
  -3.35   -2.37  8.09  7.83 
  -1.50   -2.24  7.64  6.48 
  -2.37   99999  7.88  7.00 
  99999   -2.73  7.52  7.79 
  99999 < -4.71  7.19 99999 
  -2.06   -2.10  7.52  7.99 
  -1.00   99999  9.17  8.79 
  -1.56   -1.48  8.68  8.23 
  99999 < -8.76  5.80  1.59 
  -1.35   99999  8.92  8.32 
  99999   -2.10  7.78  7.49 
  -2.79   -1.86  8.25  7.93 
  -1.93   -1.64  8.26  8.40 
  99999   -1.46  8.64  8.29 
  -5.09   99999  6.73  4.93 
  -1.31   99999  9.54  8.59 
  99999 < -7.88  5.39  2.72 
  -2.74   -2.48  7.64  7.87 
  99999 < -8.52  6.45  2.12 
  99999    1.65 10.78 99999 
  -1.12   -1.37  8.72  8.24 
  -0.37   -0.56 10.00  8.86 
  -4.70   -4.06  6.47  6.18 
  -0.87   -0.86  9.24  8.60 
  -1.77   -2.06  8.05  8.53 
  99999 < -4.52  7.28 99999 
  99999   -4.75  7.30 99999 
  99999 < -4.48  7.51 99999 
  -1.72   -1.84  7.85 99999 
  99999   -2.02  7.83 99999 
   0.35    0.54 10.91 10.31 
  99999 < -4.38  6.56 99999 
  -2.61   -2.15  8.31  8.47 
  99999   -2.97  7.12 99999 
  99999 < -4.33  5.88 99999 
  99999   -3.70  7.94  8.26 
  -2.61   -2.60  7.94  6.47 
  -4.04   -3.11  6.55  6.97 
  -1.32   -1.19  8.34  8.62 
  -1.90   -1.78  8.38  8.19 
  -2.94   99999  7.78  7.19 
  99999   -2.54  7.71  7.96 
  -1.40   -1.13  8.92  8.75 
  -2.49   99999  8.21  8.51 
  -2.48   99999  7.94  8.28 
  -2.62   99999  8.13  7.28 
   0.63    0.51 10.99 10.11 
  -1.93   99999  8.40  7.87 
  -5.34   -3.86  6.78  6.46 
  -2.57   99999  8.24 99999 
  -1.54   99999  9.61  9.27 
  -1.12   -0.83  9.27  8.81 
  -1.17   99999  9.39 99999 
  -1.34   99999  8.66 99999 
< -9.86 < -9.67  3.19 99999 
  -0.31   -0.37 10.03  9.26 
  -2.23   -1.55  8.71  8.01 
  99999 < -4.52  7.34 99999 
  99999 < -4.54  8.01 99999 
  99999 < -4.54  7.61 99999 
  99999    -2.1   7.8   7.1 
  -0.68   -0.37 10.01  9.51 
  99999   -4.15  6.26 99999 
  99999   -2.18  8.09  7.80 
  99999 < -4.55  6.14 99999 
  -2.27   -1.97  8.21  8.35 
  99999   -2.24  7.62  7.54 
< -7.54   99999  4.31 99999 
  99999   -3.32  7.58 99999 
< -6.60   99999  6.04 99999 
  99999   -7.68  4.43 99999 
  99999   -2.01  8.21  8.18 
  -4.68   -4.48  7.16  5.75 
  99999   -6.00  6.66  5.49 
< -6.42   99999  7.34 99999 
  -7.50   -7.56  4.70 99999 
  -3.16   -3.24  6.95  6.55 
  99999   -0.40  9.48  8.81 
  99999 < -4.54  6.25 99999 
  -0.45   99999  9.77  9.56 
  -1.28   99999  8.83  8.22 
  -3.84   -2.65  7.59  7.25 
  -6.11 < -5.95  7.66  5.63 
  -1.77   -1.70  8.17  8.15 
  -4.37   -3.54  7.35  6.74 
  -1.18   -1.09  9.37  8.90 
  -0.39   -0.26  9.74  9.31 
  -0.64   99999  9.43  8.74 
  -1.61   -1.57  8.90  8.42 
  99999   -2.89  7.15  6.86 
  -2.18   -1.84  8.03  8.22 
  -3.57   -3.27  6.63  6.49 
  -2.06   -1.60  8.47  8.64 
  -6.37 < -6.38  7.22  4.21 
  -2.23   -1.79  7.95  7.90 
< -6.31 < -6.24  6.34 99999 
< -6.35 < -6.33  5.74 99999 
  -0.45   -0.42  9.70  8.70 
< -6.34 < -6.28  5.45 99999 
  -6.54 < -6.54  5.96 99999 
