	SFR_0	av_SFR	StellarMass	ratio
1	0.008301814802965978	0.002661856197321938	25594771.128095556	0.32063545869162735
2	0.003988866342204965	0.00312740833783418	30071234.017636348	0.7840343770720108
3	0.026469511396776363	0.007855694569595596	75535524.70764996	0.2967827570308803
5	0.01968482395515042	0.006385348271831903	61397579.53684522	0.3243792419165229
7	0.17445618262326953	0.18844498735308599	1811971032.2412114	1.0801852047859184
8	0.321608269773118	0.1334088343849393	1282777253.7013395	0.41481779830802856
10	0.849852507594651	0.19283443498884814	1854177259.5081553	0.22690341355187624
11	0.007920801722105762	0.02852230303196822	274252913.76892513	3.6009363739489624
13	0.04168693834703355	0.026618561973219428	255947711.28095603	0.6385348271831915
14	0.0020861405274098695	0.0015317383633874576	14728253.49411017	0.7342450536106732
16	0.003566030164278506	0.003937173829556404	37857440.668811575	1.104077545107639
17	0.009712409281105821	0.0032747985519585793	31488447.614986338	0.33717674545792226
19	0.0020892961308540386	0.0030562198328591074	29386729.162106797	1.4627987807596334
21	0.002280235769117398	0.0010355822302410373	9957521.444625359	0.454155769445664
22	0.46756948346187494	3.35107840935038	32221907782.215195	7.167016941608472
23	0.002363146958159742	0.0032002550361061167	30771683.03948189	1.3542344563277848
24	0.4220898091583972	0.19732612599450688	1897366596.1010275	0.46749796302344865
25	2.003731241279768	5.959153736773767	57299555161.28622	2.974028459509221
28	0.04570881896148749	0.04417581694557017	424767470.6304824	0.9664615702013878
29	0.22069078053878632	0.16039269684477717	1542237469.6613188	0.7267757015186604
31	0.006793472157534364	0.007855694569595596	75535524.70764996	1.1563592795303008
32	0.005496865607803009	0.0066862804646826545	64291158.31425629	1.2163805597122888
33	0.00239883291901949	0.0013969619904666427	13432326.831410026	0.582350683697322
34	0.0048446118745723524	0.002484188744253821	23886430.233209815	0.5127735324459005
35	0.018755606577619842	0.11354933357726289	1091820515.1659894	6.054154159575719
36	0.001269942889241275	0.0008038677202565162	7729497.31015881	0.6329951740875414
37	0.017840729442762188	0.021636379468237935	208042110.2715186	1.212751952640345
39	0.006760829753919818	0.0022656070617654302	21784683.28620606	0.33510784093503737
40	0.014862497679623455	0.01396961990466643	134323268.31410027	0.9399241100517604
41	0.0044668359215096305	0.004028882389176247	38739253.742079295	0.9019544169454581
42	0.5045124586706561	0.26012649528548887	2501216300.822008	0.5155997454867581
43	0.001412537544622754	0.0015317383633874576	14728253.49411017	1.0843877171396097
44	0.046647625826019744	0.05690947637580888	547206503.6135468	1.219986555973126
45	1.5393139585323146	2.484188744253821	23886430233.209816	1.6138285048895507
47	0.0019054607179632462	0.0011619423732776282	11172522.819977194	0.6097960258764256
48	0.0016355701817764871	0.005690947637580876	54720650.36135458	3.4794884994782733
49	0.0010232929922807535	0.0008417528387371915	8093777.295549919	0.8225922048591983
50	0.03001423009376413	0.021143875343086208	203306493.68352124	0.7044616929047645
52	0.0015109826466136978	0.002318379829566358	22292113.745830365	1.5343523863507889
53	0.0019306343620412083	0.004028882389176247	38739253.742079295	2.086817922849263
55	0.03570638839458806	0.021143875343086208	203306493.68352124	0.5921594508362805
56	0.004655643892599701	0.0006385348271831903	6139757.953684522	0.1371528497267934
58	0.14180330896969057	0.19283443498884814	1854177259.5081553	1.3598726037490783
59	0.2771698103652317	0.2787305615022012	2680101552.905781	1.005631028627948
60	0.018014312685909563	0.023183798295663582	222921137.45830366	1.2869654646217776
63	0.040723599586986486	0.029186672816321157	280641084.77231884	0.7167016941608463
64	0.012882495516931342	0.020662581980513666	198678672.88955447	1.6039269684477693
65	0.08317637711026708	0.06686280464682655	642911583.1425629	0.8038677202565147
66	0.0516643347452789	0.14627987807596288	1406537289.1919506	2.8313512367316402
68	0.019118071655147267	0.040288823891762554	387392537.4207938	2.107368599641971
69	0.668818988206936	5.959153736773767	57299555161.28622	8.909964940962434
70	0.006606934480075957	0.009229636342169613	88746503.29009242	1.3969619904666444
71	0.01876141193502274	0.0066862804646826545	64291158.31425629	0.3563847160245485
73	1.1477469797561088	0.8613597811122012	8282305587.617319	0.750478804392268
74	0.0013109050486794648	0.0008613597811121996	8282305.587617303	0.6570725942202199
75	0.012589254117941675	0.010120095007519743	97308605.84153599	0.803867720256517
76	0.00447749737896487	0.00733136074282267	70493853.29637182	1.6373791255055006
77	0.01778279410038923	0.0624	600000000.0	3.509009869187778
78	0.02987504681510468	0.035090098691877784	337404795.1142095	1.1745621323725055
79	0.17378008287493754	10.120095007519742	97308605841.53598	58.23506836973235
80	0.1148153621496883	0.013037207856529214	125357767.85124245	0.11354933357726302
81	0.005011872336272725	0.0016039269684477713	15422374.696613187	0.3200255036106116
82	0.0023442288153199225	0.000221403554881751	2128880.3354014517	0.09444622190241933
83	0.0010524101123389376	0.0005072062420863981	4876983.096984597	0.4819473284603408
84	0.013489628825916533	0.05690947637580888	547206503.6135468	4.218757766445975
85	0.07393150461613192	0.053111013583828255	510682822.9214255	0.7183813431038896
86	0.23988329190194904	2.723858793178639	26190949934.409992	11.354933357726312
87	0.0019498445997580456	0.0011619423732776282	11172522.819977194	0.5959153736773755
88	0.0016656993114934741	0.0006842023943933475	6578869.176859111	0.41075984703378926
89	0.2600331887332123	0.0988973352095733	950935915.4766665	0.38032581799025494
91	0.0016540649028941993	0.001189007488009067	11432764.30777949	0.7188396815195108
92	0.061566371726146873	0.12450436845405828	1197157388.9813297	2.0222788019385916
93	0.004107517081382588	0.00624	60000000.0	1.5191659283129797
95	0.2607911191377127	5.823506836973234	55995258047.81955	22.33015777618596
96	0.674931156267176	0.23183798295663577	2229211374.5830364	0.34349871213362854
99	0.024781725103833432	0.01679517717650394	161492088.2356148	0.6777242950655574
100	0.004097171559547966	0.002787305615022012	26801015.52905781	0.6802999519330674
103	0.008554310548287763	0.014968717414681646	143929975.14116967	1.7498449851902786
105	0.2691534803926916	0.10843877171396107	1042680497.2496257	0.40288823891762515
106	0.05387814157389658	0.019283443498884816	185417725.95081553	0.35790847522898694
107	0.14021783129055174	6.097960258764261	58634233257.34867	43.48919251310057
108	0.03057770361355329	0.009889733520957332	95093591.54766665	0.32342956966113695
109	0.004991749097889021	0.006534082139837606	62827712.883053906	1.3089764753202096
110	0.07244359600749903	0.08417528387371934	809377729.5549935	1.161942373277631
111	0.034673685045253165	0.07502130072012658	721358660.7704479	2.163637946823798
112	0.2898807738177675	4.4175816945570165	42476747063.04823	15.239305582004944
113	0.015492272204486606	0.03274798551958586	314884476.149864	2.1138271447426513
115	0.07859680041503361	0.009229636342169613	88746503.29009242	0.11743017900769677
116	0.5568010321145582	0.1567417133261979	1507131858.905749	0.2815039920650673
117	0.026915348039269153	0.006842023943933461	65788691.768590964	0.2542052933497659
118	0.04143117093560238	0.024841887442538204	238864302.33209813	0.5995941432876865
119	0.3311311214825911	0.733136074282267	7049385329.637182	2.2140355488175127
121	0.10471285480508996	0.02601264952854888	250121630.08220077	0.2484188744253818
122	0.005623413251903491	0.009444622190241933	90813674.90617242	1.6795177176503944
123	0.4439984613785398	0.16412872269427178	1578160795.1372287	0.3696605663557481
124	0.039943313138489464	0.034291350528715785	329724524.31457484	0.8585004055578095
125	0.05559410995239868	0.0684202394393346	657886917.6859096	1.2307102226821875
126	0.07199908467789826	0.08613597811122013	828230558.761732	1.1963482382667223
127	0.007244359600749898	0.0053111013583828255	51068282.292142555	0.7331360742822661
128	0.3019951720402016	0.16412872269427178	1578160795.1372287	0.5434812801325942
129	0.07762471166286916	0.035090098691877784	337404795.1142095	0.4520480390867939
130	0.040390610837942605	0.009229636342169613	88746503.29009242	0.2285094518426884
131	0.24547089156850305	0.10843877171396107	1042680497.2496257	0.44175816945570223
132	0.09120108393559097	0.0335107840935038	322219077.8221519	0.3674384409418878
133	0.008709635899560805	0.003590745208983858	34526396.2402294	0.41227271155673983
134	0.003890451449942805	0.004843782007763032	46574826.99772146	1.2450436845405801
136	0.04265795188015926	0.08225922048591966	790954043.1338428	1.9283443498884776
137	0.02187761623949553	0.030562198328591004	293867291.62106735	1.396961990466642
138	0.14791083881682077	0.14627987807596288	1406537289.1919506	0.9889733520957329
139	0.004677351412871981	0.0037599718171039947	36153575.164461486	0.8038677202565162
140	0.0012302687708123812	0.0007331360742822668	7049385.329637181	0.5959153736773765
141	0.009120108393559097	0.035907452089838574	345263962.402294	3.937173829556404
142	1.318256738556407	0.624	6000000000.0	0.4733524068182107
143	0.03548133892335755	0.1758670949109016	1691029758.7586694	4.956608184679507
144	0.002818382931264455	0.002986651776093261	28717805.53935828	1.0597040391361274
146	0.0933254300796991	0.05434812801325936	522578153.9736477	0.5823506836973217
147	0.043651583224016584	0.01799635657951006	173041890.1875967	0.4122727115567409
148	0.0199526231496888	0.008417528387371935	80937772.95549937	0.4218757766445974
149	0.057543993733715694	0.1718638710883014	1652537222.002898	2.98665177609326
150	0.013941310062129824	0.008814234278445994	84752252.67736532	0.6322385944480915
151	0.07244359600749903	0.07001395154844263	673211072.5811791	0.9664615702013896
152	0.7585775750291838	0.43170252585341623	4150985825.5136175	0.5690947637580875
153	0.013489628825916533	0.03274798551958586	314884476.149864	2.4276417047643153
155	0.0031622776601683794	0.0018415545574398237	17707255.359998304	0.5823506836973221
156	0.007297781254566432	0.007001395154844264	67321107.25811791	0.9593868205440235
157	0.012589254117941675	0.00901954416945459	86726386.24475567	0.7164478598140549
158	0.001071519305237606	0.02265607061765435	217846832.86206105	21.143875343086275
159	0.007413102413009177	0.0051902059316806665	49905826.26616025	0.700139515484425
160	0.0017782794100389228			
161	0.01778279410038923	0.0624	600000000.0	3.509009869187778
163	0.01463049396529481	0.014295014153270886	137452059.1660662	0.9770698232869156
164	0.20485382857406173	0.13651632533445204	1312656974.3697312	0.6664084644388117
165	0.01749330609335263	0.01679517717650394	161492088.2356148	0.9600916537375416
166	0.006535201599360874	0.01679517717650394	161492088.2356148	2.5699554820384525
167	0.016043850057761065	0.008417528387371935	80937772.95549937	0.5246576324926469
168	0.09402980146655736	0.03127408337834174	300712340.1763629	0.33259756896822423
169	0.00707945784384138	0.009229636342169613	88746503.29009242	1.3037207856529203
171	0.7698547777434044	0.4520480390867933	4346615760.449935	0.5871861189350996
172	0.002395209801497059	0.0025420529334976654	24442816.66824678	1.0613070019623443
173	0.020811388300841897	0.018415545574398277	177072553.59998342	0.8848782843407569
174	0.03415786597441353	0.034291350528715785	329724524.31457484	1.0039078715983674
175	0.009083490119394258	0.008038677202565146	77294973.10158794	0.8849767101525965
176	0.004889444001749347	0.002787305615022012	26801015.52905781	0.5700659653786339
177	0.0393784837062337	0.009444622190241933	90813674.90617242	0.23984220064691897
179	0.01868289121431017	0.01135493335772629	109182051.51659894	0.6077717430067233
180	0.421724451135964	0.39371738295564124	3785744066.8811655	0.9335891762858841
181	0.002731315409747098	0.0030562198328591074	29386729.162106797	1.1189552923666526
182	0.33223400766404865	0.43170252585341623	4150985825.5136175	1.299392945619068
183	0.8775381155310771	0.18844498735308599	1811971032.2412114	0.21474279466372923
184	0.08099783118700238	0.0988973352095733	950935915.4766665	1.2209874481854428
185	0.19302656179636346	0.2019224419240879	1941561941.5777683	1.0460863004808079
186	0.018197008586099836	0.020662581980513666	198678672.88955447	1.1354933357726287
187	0.006758435269829243	0.0025420529334976654	24442816.66824678	0.3761303958692634
189	0.005128613839913648	0.004218757766445967	40564978.52351891	0.8225922048591983
190	0.00800901999954777	0.014295014153270886	137452059.1660662	1.7848643347223574
192	0.0068613379289055535	0.0013651632533445202	13126569.743697312	0.19896458496721736
193	0.6309573444801932	0.22656070617654347	2178468328.62061	0.3590745208983863
194	0.004074882770119165	0.0007676877129869259	7381612.624874286	0.188395042580446
195	0.005495408738576248	0.0023723818330403023	22811363.779233675	0.43170252585341623
197	0.007585775750291836	0.01679517717650394	161492088.2356148	2.2140355488175096
198	0.0012162666027148972	0.0012450436845405804	11971573.889813272	1.0236601759527462
199	0.8746604103728588	4.028882389176254	38739253742.07937	4.606224703206565
202	0.08525594675817347	0.053111013583828255	510682822.9214255	0.6229596362876179
203	0.0013182567385564075	0.0013651632533445202	13126569.743697312	1.0355822302410371
204	0.005495408738576248	0.0025420529334976654	24442816.66824678	0.46257759057177267
205	0.007091280778450691	0.04417581694557017	424767470.6304824	6.229596362876177
206	0.10796077387354319	0.11354933357726289	1091820515.1659894	1.051764724382818
207	0.002324924260505906	0.0009019544169454591	8672638.624475569	0.3879500215414299
208	0.009332543007969915	0.019732612599450687	189736659.61010277	2.114387534308623
210	0.07437792959087813	3.9371738295564125	37857440668.81165	52.934705916300146
211	0.06900946981602807	0.0733136074282267	704938532.9637182	1.0623702460498972
212	0.0014172422311885453	0.0010843877171396107	10426804.972496256	0.7651392918415987
214	0.004553035666569457	0.018415545574398277	177072553.59998342	4.0446741301883335
216	1.9116686017440647	1.3651632533445202	13126569743.69731	0.7141212928323698
218	0.005368415957381787	0.9664615702013871	9292899713.474876	180.02732610025564
219	0.03975058827130638	0.030562198328591004	293867291.62106735	0.7688489569008986
222	0.03128301439445321	0.03200255036106123	307716830.3948195	1.0230008514376285
223	0.003284042806368885	0.0009444622190241932	9081367.490617242	0.28759132408157323
224	0.009402980146655736	0.009889733520957332	95093591.54766665	1.0517658621745272
225	0.006741695638743106	0.00624	60000000.0	0.9255831669617408
226	0.002319041894937219	0.03200255036106123	307716830.3948195	13.799901774490193
227	0.002946751818325554	0.0012167030302490205	11699067.598548273	0.4128963364618854
228	0.05908048951436914	0.034291350528715785	329724524.31457484	0.5804175085647468
229	0.006025595860743574	0.03200255036106123	307716830.3948195	5.3111013583828415
232	1.7952772817910052	4.317025258534162	41509858255.13618	2.4046565409814633
233	0.0018620871366628676	0.003590745208983858	34526396.2402294	1.9283443498884796
234	0.012803448982435538	0.018844498735308596	181197103.22412112	1.4718298765559574
236	0.00630957344480193	0.006097960258764261	58634233.257348664	0.9664615702013891
237	0.04265795188015926	0.01396961990466643	134323268.31410027	0.3274798551958579
238	0.003203448133535595	0.0026012649528548938	25012163.008220132	0.8120203119954743
239	0.0025130921075641674	0.009664615702013872	92928997.13474877	3.8457069173566305
240	0.01014566273242118	0.007001395154844264	67321107.25811791	0.6900875122204498
241	0.001378080266537399	0.0032002550361061167	30771683.03948189	2.3222559046920845
242	0.0010366140122867466	0.00019732612599450688	1897366.5961010277	0.19035641391650687
243	0.010855575598259688	0.011096463518642878	106696764.60233536	1.0221902485227783
244	0.0023636293719221	0.004733524068182105	45514654.50175101	2.002650721983883
245	0.06693493656216393	0.1718638710883014	1652537222.002898	2.5676258156857696
246	0.006165950018614822	0.006842023943933461	65788691.768590964	1.1096463518642856
247	0.002414048130631484	0.0012167030302490205	11699067.598548273	0.5040094332877889
248	0.06298824043282279	0.016039269684477716	154223746.96613187	0.2546391131783346
249	0.04678591409687566	0.04417581694557017	424767470.6304824	0.9442119021998592
250	0.07367615880152192	0.04956608184679521	476596940.8345693	0.6727560536960475
253	0.003298015923073103	0.010843877171396107	104268049.72496258	3.288000247522075
254	1.0482390980715925	5.561405853954563	53475056288.02464	5.30547454696708
256	1.0099586339562137	2.42764170476431	23342708699.656826	2.4037040955377975
257	0.0017720394669406801	0.005561405853954575	53475056.28802475	3.138420987629586
258	0.061052019130363434	0.015674171332619793	150713185.89057493	0.25673469208530153
261	0.005388991389357922	0.003509009869187778	33740479.51142094	0.6511440853509813
262	0.008128305161640995	0.007001395154844264	67321107.25811791	0.8613597811122014
263	0.0021379620895022326	0.002484188744253821	23886430.233209815	1.1619423732776282
265	0.001412537544622754	0.0005823506836973221	5599525.804781943	0.4122727115567398
268	0.0027920259632861666	0.004218757766445967	40564978.52351891	1.5110023409239939
270	0.002818382931264455	0.0023723818330403023	22811363.779233675	0.8417528387371918
272	0.004842044558455423	0.004417581694557018	42476747.06304824	0.9123380921480397
273	0.0023969511108495366	0.009664615702013872	92928997.13474877	4.0320454006208335
274	0.0262366686697577	0.021636379468237935	208042110.2715186	0.8246618402883445
275	0.030017980083826508	0.02372381833040302	228113637.79233673	0.7903202768525142
276	0.06010473557193358	0.23183798295663577	2229211374.5830364	3.857233223814306
277	0.028840315031266057	0.011619423732776283	111725228.19977193	0.4028882389176247
278	0.2324726439564065	0.10597040391361295	1018946191.4770476	0.45584031785470913
281	0.01886330108693138	0.021636379468237935	208042110.2715186	1.147009177689888
282	0.012672779994623587	0.016412872269427184	157816079.5137229	1.295128004777983
284	0.0015139625035403442	0.11619423732776281	1117252281.9977193	76.74842478333973
288	0.06206859223882806	0.03200255036106123	307716830.3948195	0.5155997454867599
289	0.07036022305544425	0.029186672816321157	280641084.77231884	0.41481779830802834
290	0.001122018454301963	0.0005561405853954574	5347505.628802475	0.49566081846795196
291	0.01096478196143185	0.006842023943933461	65788691.768590964	0.6239999999999988
292	0.008349997879523056	0.002318379829566358	22292113.745830365	0.2776503494991045
293	0.004265795188015926	0.013037207856529214	125357767.85124245	3.0562198328591066
294	0.001202264434617413	0.0032002550361061167	30771683.03948189	2.661856197321938
295	0.9231217620775908	2.0662581980513663	19867867288.955444	2.2383376526635193
296	0.030892009421155685	0.009664615702013872	92928997.13474877	0.3128516364945584
297	0.004222967088649242	0.0019283443498884815	18541772.595081553	0.456632578329016
300	0.002089542305403931	0.0010120095007519724	9730860.58415358	0.484321134889078
302	0.003090295432513592	0.0028522303031968213	27425291.37689251	0.9229636342169614
303	0.6247685516815924	0.34291350528715786	3297245243.1457486	0.5488648626186303
305	0.0070813346549696305	0.026618561973219428	255947711.28095603	3.758975287877224
306	0.12924465962305567	0.07164478598140556	688892172.8981304	0.5543345944842815
307	0.0023245145124859944	0.0013340883438493932	12827772.537013395	0.5739212797697821
310	0.002633057567423873	0.01531738363387461	147282534.941102	5.817337160942063
311	0.0012323233613686126	0.0014295014153270914	13745205.916606648	1.1600051253913533
312	0.003437798527040212	0.0026012649528548938	25012163.008220132	0.7566659105804157
313	0.10095586057264817	0.042187577664459665	405649785.2351891	0.41788141297751946
314	0.007413102413009177	0.005959153736773766	57299555.16128621	0.8038677202565162
315	0.001066546399636249	0.0017586709491090196	16910297.587586727	1.6489399333295045
316	0.13489628825916536	0.0988973352095733	950935915.4766665	0.7331360742822651
318	0.003719292671139279	0.0027238587931786335	26190949.934409935	0.7323593580884485
319	0.030730613892627677	0.05690947637580888	547206503.6135468	1.8518821841519264
320	0.01975390023685874	0.0066862804646826545	64291158.31425629	0.3384790033619156
321	0.00239883291901949	0.003847552811615648	36995700.11168893	1.603926968447771
322	0.06025595860743578	0.19732612599450688	1897366596.1010275	3.2747985519585807
324	0.009633501973462015	0.026618561973219428	255947711.28095603	2.763124152208322
326	0.005495408738576248	0.010597040391361296	101894619.14770477	1.9283443498884816
327	0.002754228703338166	0.008814234278445994	84752252.67736532	3.20025503610612
328	0.1208328481781892	0.04317025258534163	415098582.55136174	0.3572724903552677
329	0.7865370062017942	1.334088343849393	12827772537.013393	1.696154578017552
330	0.5642142946473971	2.7873056150220124	26801015529.05781	4.9401541957810995
332	0.3624594912764133	4.218757766445967	40564978523.51891	11.63925312478222
336	0.014098504293049919	0.02214035548817515	212888033.54014564	1.5704045640564572
337	0.008912509381337459	0.009444622190241933	90813674.90617242	1.0597040391361274
338	0.010673357406751474	1.4968717414681647	14392997514.116968	140.24375690083352
341	0.04981122330042938	0.13969619904666428	1343232683.1410027	2.8045125132564266
343	0.0084275246529788	0.01679517717650394	161492088.2356148	1.9928956446976995
344	0.004168693834703355	0.0011619423732776282	11172522.819977194	0.27873056150220066
349	0.10571376369866613	0.13651632533445204	1312656974.3697312	1.2913770218567535
353	0.8345340959373736	0.27238587931786395	2619094993.4409995	0.3263927509299809
354	0.010626954212263472	0.004733524068182105	45514654.50175101	0.4454262221925858
356	0.020366138404841746	0.037599718171039874	361535751.64461416	1.8461878940241858
358	0.005128613839913648	0.0022656070617654302	21784683.28620606	0.4417581694557017
359	0.0027571497475109936	0.0008038677202565162	7729497.31015881	0.29155751187696816
360	0.0020417379446695297	0.0037599718171039947	36153575.164461486	1.8415545574398255
361	0.016811910721903998	0.006534082139837606	62827712.883053906	0.38865791330455046
364	0.021092668888147367	2.1143875343086207	20330649368.352123	100.24276896968507
368	0.0046512666328536595	0.004122727115567402	39641606.880455784	0.8863665407712852
370	0.0370483731259702	0.0024276417047643106	23342708.69965683	0.06552627011474844
371	2.2402671993623935	7.676877129869258	73816126248.74286	3.4267685265642363
373	1.0854681255750385	2.0662581980513663	19867867288.955444	1.9035641391650664
374	0.020962548722172028	0.006534082139837606	62827712.883053906	0.3117026572692721
375	0.15501106121954494	1.679517717650394	16149208823.561481	10.834824975952284
376	0.0018197008586099826	0.0014295014153270914	13745205.916606648	0.7855694569595613
377	0.0014791083881682072	0.004625775905717726	44478614.47805506	3.12740833783418
378	1.518602410916545	1.3651632533445202	13126569743.69731	0.8989602831728567
379	0.7585775750291838	7.855694569595597	75535524707.64996	10.35582230241037
381	0.006606934480075957	0.003937173829556404	37857440.668811575	0.595915373677376
383	0.0010621282781248188	0.0029186672816321163	28064108.477231886	2.747942354745517
384	2.2556178312684496	7.502130072012657	72135866077.04478	3.3259756896822474
385	0.8511380382023764	5.690947637580887	54720650361.35469	6.686280464682676
390	0.01455029824526032	0.0028522303031968213	27425291.37689251	0.19602555597964597
392	0.001412537544622754	0.0022656070617654302	21784683.28620606	1.60392696844777
393	0.001071519305237606	0.00038475528116156487	3699570.011168893	0.3590745208983861
394	0.009116878323397958	0.004218757766445967	40564978.52351891	0.4627414797912528
395	0.0016982436524617442	0.0015317383633874576	14728253.49411017	0.9019544169454581
396	0.048806019632960856	0.05190205931680666	499058262.6616025	1.0634356111629089
397	0.0047846057583086875	0.0016795177176503941	16149208.823561482	0.35102530960546424
398	0.001995262314968879	0.0033510784093503804	32221907.782215193	1.6795177176503977
402	0.016564298222208812	0.021143875343086208	203306493.68352124	1.2764727523884631
403	0.0037694711276327502	0.001641287226942718	15781607.951372288	0.43541578416955695
407	0.018197008586099836	0.014968717414681646	143929975.14116967	0.8225922048591994
409	0.0026915348039269166	0.003937173829556404	37857440.668811575	1.4627987807596303
410	0.023988329190194897	0.020192244192408792	194156194.15777683	0.8417528387371916
411	0.017378008287493755	0.05190205931680666	499058262.6616025	2.9866517760932623
413	0.09120108393559097	0.035907452089838574	345263962.402294	0.3937173829556404
414	0.034673685045253165	0.019732612599450687	189736659.61010277	0.5690947637580877
415	0.0016218100973589297	0.0009889733520957351	9509359.154766684	0.6097960258764261
417	0.01876141193502274	0.01245043684540583	119715738.89813296	0.6636193954125628
418	0.06737106151923863	0.14295014153270885	1374520591.660662	2.1218329993492486
419	0.020212362338908337	0.02214035548817515	212888033.54014564	1.0953868289584079
420	0.004570881896148752	0.003590745208983858	34526396.2402294	0.7855694569595597
423	0.003311311214825911	0.004317025258534162	41509858.25513618	1.3037207856529203
426	0.034673685045253165	0.0242764170476431	233427086.99656826	0.7001395154844249
427	0.08990507148469727	0.10843877171396107	1042680497.2496257	1.2061474388841171
428	0.0010724145298669251	0.004843782007763032	46574826.99772146	4.516706807734218
429	0.1375540526764947	0.11096463518642878	1066967646.0233536	0.8066984071156376
430	0.0446683592150963	0.014627987807596285	140653728.91919506	0.32747985519585754
431	0.00785793793941459	0.624	6000000000.0	79.41014612371544
432	0.002538774950839079	0.0051902059316806665	49905826.26616025	2.0443741695045774
434	0.0223872113856834	0.009664615702013872	92928997.13474877	0.4317025258534158
435	0.004913744911974593	0.00495660818467952	47659694.083456926	1.008723137540264
436	0.007895533219584194	0.003590745208983858	34526396.2402294	0.45478185058829484
437	0.0013453322242830317	0.0012167030302490205	11699067.598548273	0.9043885281923121
438	0.004269554581979371	0.0051902059316806665	49905826.26616025	1.2156317086534305
441	0.0012004485743692395	0.0027238587931786335	26190949.934409935	2.2690341355187584
442	0.09661149034886232	0.024841887442538204	238864302.33209813	0.2571318106452411
443	0.08337490273812186	0.08225922048591966	790954043.1338428	0.9866184881113862
444	0.03011823688899587	0.03674384409418872	353306193.21335304	1.2199865559731222
445	0.05002338091341156	0.0242764170476431	233427086.99656826	0.48530140515021547
446	0.1335731478208461	0.05959153736773767	572995551.6128621	0.4461341095866389
447	0.0021983244987061573	0.0019732612599450685	18973665.961010274	0.8976205565222278
451	0.3217890310610001	0.254205293349766	2444281666.824673	0.7899750109927689
452	0.001788363684993497	0.006842023943933461	65788691.768590964	3.82585712366349
453	0.22106015359812733	0.20662581980513664	1986786728.8955445	0.9347040452200565
454	0.09768911127023172	0.16795177176503942	1614920882.3561482	1.7192476170700763
456	0.35052275039289266	0.22656070617654347	2178468328.62061	0.6463509313520932
457	0.009024120103458853	0.04122727115567402	396416068.80455786	4.568564101875376
458	0.0011257385702949658	0.0019283443498884815	18541772.595081553	1.7129592969202583
459	0.0013182567385564075	0.0013340883438493932	12827772.537013395	1.0120095007519723
462	0.004570881896148752	0.016039269684477716	154223746.96613187	3.509009869187778
463	2.633057567423873	5.190205931680667	49905826266.160255	1.9711707012766349
472	0.005623413251903491	0.006534082139837606	62827712.883053906	1.161942373277628
473	0.046773514128719815	6.385348271831903	61397579536.845215	136.51632533445203
475	0.06915859450399352	0.026618561973219428	255947711.28095603	0.3848915982768036
478	0.004039176193852743	0.004520480390867941	43466157.60449943	1.119159000230715
480	0.005776989905488164	0.0335107840935038	322219077.8221519	5.800734403511492
484	0.006760829753919818	0.004843782007763032	46574826.99772146	0.7164478598140541
486	0.0017378008287493763	0.0004733524068182105	4551465.450175101	0.27238587931786334
489	0.0020962548722172035	0.0008038677202565162	7729497.31015881	0.38347804501762106
491	0.05248074602497726	0.11354933357726289	1091820515.1659894	2.1636379468237963
493	0.0019498445997580456	0.0007001395154844248	6732110.725811778	0.35907452089838565
495	0.003090295432513592	0.008225922048591966	79095404.31338428	2.661856197321932
497	0.014454397707459272	0.021143875343086208	203306493.68352124	1.4627987807596294
498	0.001843542560209076	0.0010843877171396107	10426804.972496256	0.5882086698430388
499	0.007591014486942847	0.01396961990466643	134323268.31410027	1.840283657565836
500	0.0012302687708123812	0.004317025258534162	41509858.25513618	3.509009869187778
501	0.2583360485715474	0.18415545574398273	1770725535.9998338	0.7128523361809492
502	0.03394100373675604	0.004122727115567402	39641606.880455784	0.12146744826826494
503	0.011417505672894172	0.007676877129869258	73816126.24874286	0.6723777810852868
504	0.0031158703469861566	0.007164478598140557	68889217.28981304	2.2993506790391454
505	0.005705325425884065	0.003429135052871579	32972452.43145749	0.601041097027383
507	0.6031986409086751	0.29866517760932615	2871780553.935828	0.4951356938726
508	0.00281490053677046	0.0027238587931786335	26190949.934409935	0.9676572076339582
510	0.0046805815917070615	0.0032002550361061167	30771683.03948189	0.6837302103175061
511	0.04802242478719232	0.034291350528715785	329724524.31457484	0.7140695348199361
512	0.04707018711067802	0.040288823891762554	387392537.4207938	0.8559308208618297
513	0.1038322492444289	0.28522303031968216	2742529137.6892514	2.7469599512213763
514	0.004223308982621318	0.008814234278445994	84752252.67736532	2.087044617080133
515	0.005931673336936474	0.013340883438493928	128277725.37013394	2.2490927400570717
517	0.008838363416683096	0.008814234278445994	84752252.67736532	0.9972699540514982
518	0.0036608284521826174	0.003847552811615648	36995700.11168893	1.0510060391717355
519	0.2197047616994185	0.06097960258764262	586342332.5734867	0.27755248505296287
521	1.5538625762903302	1.1890074880090644	11432764307.779465	0.7651947515511213
523	0.002458617352386965	0.004843782007763032	46574826.99772146	1.9701243884333666
525	0.007969738744022936	0.00495660818467952	47659694.083456926	0.6219285655250403
526	0.02602007802418954	0.010843877171396107	104268049.72496258	0.4167503710525044
527	0.0016218100973589297	0.0009444622190241932	9081367.490617242	0.582350683697322
528	0.05370950729727396	0.02852230303196822	274252913.76892513	0.5310475643371965
529	0.0021379620895022326	0.0012167030302490205	11699067.598548273	0.5690947637580877
531	0.48375359405729385	1.161942373277628	11172522819.977192	2.401930213132457
532	0.2408165693558485	0.09664615702013873	929289971.3474878	0.4013268575275116
533	0.014426900644718108	0.010843877171396107	104268049.72496258	0.7516428814782338
534	0.05830679378595534	0.03274798551958586	314884476.149864	0.5616495676267839
537	0.004256197599019602	0.003429135052871579	32972452.43145749	0.8056804161680525
538	0.0072657478789227735	0.0029186672816321163	28064108.477231886	0.4017022514776332
539	0.01869990798565637	0.010120095007519743	97308605.84153599	0.5411842141299459
540	0.14792826664030262	0.04122727115567402	396416068.80455786	0.2786977235116319
541	0.013182567385564075	0.002986651776093261	28717805.53935828	0.226560706176543
542	0.002264091403567912	0.0019283443498884815	18541772.595081553	0.8517078183547109
543	0.015848931924611134	0.006842023943933461	65788691.768590964	0.4317025258534155
544	1.4646004417576832	0.9889733520957332	9509359154.766665	0.6752512998759275
545	0.18651968853101816	0.24841887442538207	2388643023.3209815	1.331864085673026
546	0.001907365696294291	0.010355822302410393	99575214.44625378	5.429384791039344
548	0.04049314094345746	0.039371738295564125	378574406.6881166	0.972306355551445
549	0.001071519305237606	0.001135493335772629	10918205.151659895	1.0597040391361283
551	0.04543405141120969	0.02852230303196822	274252913.76892513	0.6277737103790633
552	0.003019951720402016	0.002787305615022012	26801015.52905781	0.9229636342169621
553	0.001995262314968879	0.0029186672816321163	28064108.477231886	1.4627987807596317
554	0.0064629971980970135	0.0022656070617654302	21784683.28620606	0.3505505251390985
555	0.0013653312969522673	0.0028522303031968213	27425291.37689251	2.089038982380067
556	0.0018197008586099826	0.003590745208983858	34526396.2402294	1.9732612599450687
557	0.014910449293369172	0.018844498735308596	181197103.22412112	1.263845130655381
559	0.001071519305237606	0.0014295014153270914	13745205.916606648	1.3340883438493945
560	0.003131260220746149	0.00038475528116156487	3699570.011168893	0.12287553701617344
561	0.001122018454301963	0.0010843877171396107	10426804.972496256	0.9664615702013891
563	0.40738027780411273	0.09019544169454592	867263862.4475569	0.2214035548817512
564	0.012519046024669585	0.004122727115567402	39641606.880455784	0.32931639578952765
565	0.009120108393559097	0.010355822302410393	99575214.44625378	1.1354933357726313
566	0.20451477162567955	13.037207856529214	125357767851.24245	63.747023028688744
567	0.1943002638205648	0.3127408337834174	3007123401.7636285	1.6095749312632524
570	0.001299948598009566	0.0009019544169454591	8672638.624475569	0.6938385243281919
571	0.18867708625039015	0.18844498735308599	1811971032.2412114	0.9987698617679724
575	0.2757149747510994	0.26012649528548887	2501216300.822008	0.943461614735714
576	0.001445439770745928	0.002661856197321938	25594771.128095556	1.841554557439824
577	0.0026302679918953813	0.00188444987353086	18119710.322412115	0.7164478598140557
578	0.13668446612195306	0.22656070617654347	2178468328.62061	1.65754538613335
579	0.0017204611537085005	0.1799635657951006	1730418901.875967	104.60193501444904
581	4.387175546886793	1.9283443498884814	18541772595.08155	0.4395411875544538
582	0.015332644808660286	0.009664615702013872	92928997.13474877	0.6303293282157714
583	0.004786300923226385	0.002484188744253821	23886430.233209815	0.5190205931680661
584	0.005129218126776084	0.0025420529334976654	24442816.66824678	0.49560242334545557
587	1.3993277687549142	0.5311101358382826	5106828229.214255	0.37954662781461895
588	0.08736107671992945	0.047335240681821156	455146545.01751107	0.541834446862108
589	0.024280576234147512	0.003937173829556404	37857440.668811575	0.16215322863792972
591	0.017382615312503336	0.005561405853954575	53475056.28802475	0.31994068521750285
592	0.0025118864315095794	0.003847552811615648	36995700.11168893	1.531738363387459
593	0.006445542503100284	0.013037207856529214	125357767.85124245	2.0226703726270303
594	0.003780691457999293	0.0051902059316806665	49905826.26616025	1.3728192287945327
595	0.014137823969619644	0.01679517717650394	161492088.2356148	1.1879605526702417
596	0.025603601103775943	0.014295014153270886	137452059.1660662	0.5583204524758316
597	0.0013903232360681092	0.0009664615702013892	9292899.713474896	0.6951344443717864
598	0.01148153621496883	0.015674171332619793	150713185.89057493	1.3651632533445217
599	0.005623413251903491	0.007502130072012658	72135866.07704479	1.3340883438493931
600	0.03890451449942807	0.019732612599450687	189736659.61010277	0.5072062420863979
601	0.003715352290971724	0.004417581694557018	42476747.06304824	1.189007488009066
602	0.018568171637395985	0.011096463518642878	106696764.60233536	0.597606686072138
603	0.004007393952666274	0.042187577664459665	405649785.2351891	10.527434577873393
604	0.07811771752319416	0.04520480390867932	434661576.04499346	0.5786754316683336
605	0.001122018454301963	0.0009889733520957351	9509359.154766684	0.8814234278445993
606	0.0011481536214968829	0.0006385348271831903	6139757.953684522	0.5561405853954569
607	0.0013182567385564075	0.0011619423732776282	11172522.819977194	0.8814234278445976
608	0.004073802778041126	0.021143875343086208	203306493.68352124	5.190205931680661
609	0.33332807588190555	2.2656070617654347	21784683286.206104	6.796928388858892
611	0.005623413251903491	0.0027238587931786335	26190949.934409935	0.4843782007763032
612	0.0016660436099082407	0.0016039269684477713	15422374.696613187	0.962716077123641
614	0.026922483476167738	0.019283443498884816	185417725.95081553	0.7162579750844629
616	0.005495408738576248	0.00221403554881751	21288803.35401452	0.4028882389176247
618	0.033516525369108	0.016412872269427184	157816079.5137229	0.48969492179385754
619	0.007661319714262917	0.0024276417047643106	23342708.69965683	0.3168699121438336
620	0.00707945784384138	0.00624	60000000.0	0.8814234278445985
621	0.001584893192461114	0.0008038677202565162	7729497.31015881	0.5072062420863981
622	0.005248074602497728	0.0021636379468237977	20804211.027151898	0.4122727115567398
623	0.005608278148996425	0.008225922048591966	79095404.31338428	1.46674644695787
624	0.16120609767823818	1.9283443498884814	18541772595.08155	11.961981448973415
625	0.007413102413009177	0.018844498735308596	181197103.22412112	2.542052933497665
626	0.0022683975042608615	0.00043170252585341627	4150985.8255136176	0.19031167378844518
627	0.0046512666328536595	0.004122727115567402	39641606.880455784	0.8863665407712852
628	0.40969045173361773	0.08417528387371934	809377729.5549935	0.20546069237769402
629	0.0012589254117941675	0.0017186387108830176	16525372.220029013	1.365163253344522
630	0.018328676849253735	0.006097960258764261	58634233.257348664	0.33270051673220175
632	0.00281490053677046	0.006534082139837606	62827712.883053906	2.3212479639988164
634	0.07080291991917591	0.034291350528715785	329724524.31457484	0.484321134889078
636	0.0016518847885978955	0.0019283443498884815	18541772.595081553	1.1673600745032844
637	0.933254300796991	2.8522303031968215	27425291376.89251	3.0562198328591057
639	0.038799805170036526	0.03127408337834174	300712340.1763629	0.8060371241887939
641	0.012253942115695455	0.010597040391361296	101894619.14770477	0.8647862288975628
642	0.009135339283769238	0.007855694569595596	75535524.70764996	0.8599236794141639
644	0.0022111805452733765	0.0037599718171039947	36153575.164461486	1.7004363687720196
645	0.012589254117941675	0.03847552811615641	369957001.1168886	3.0562198328590977
646	0.0022424608003600967	0.04520480390867932	434661576.04499346	20.158570397939748
648	0.07931285077558156	0.06385348271831903	613975795.3684522	0.8050836919100873
649	0.010496278376288873	0.009664615702013872	92928997.13474877	0.9207659472757764
652	0.002292449725943967	0.0009664615702013892	9292899.713474896	0.4215846303034747
653	0.024628847238980678	0.017186387108830144	165253722.20028982	0.6978153277766419
654	0.01219776946881331	0.008417528387371935	80937772.95549937	0.6900875122204498
656	0.004010429087856227	0.0033510784093503804	32221907.782215193	0.8355909893775725
658	1.455029824526032	6.24	60000000000.0	4.28857188685644
659	0.0025118864315095794	0.0010355822302410373	9957521.444625359	0.41227271155673983
662	0.3835166213176494	0.33510784093503804	3222190778.2215195	0.8737765778800065
663	0.001995262314968879	0.001135493335772629	10918205.151659895	0.5690947637580875
664	0.010232929922807542	0.3127408337834174	3007123401.7636285	30.562198328590988
667	0.5474178519064573	4.843782007763044	46574826997.721565	8.848418061073296
669	0.004133260693756759	0.011096463518642878	106696764.60233536	2.68467545137038
670	0.015492272204486606	0.01396961990466643	134323268.31410027	0.9017153662340627
672	0.0016769127525204628	0.0008225922048591982	7909540.431338444	0.4905396560571271
673	0.003090295432513592	0.0029186672816321163	28064108.477231886	0.9444622190241933
674	0.09028530615400415	0.04317025258534163	415098582.55136174	0.4781536932676949
675	2.4169380514423255	5.823506836973234	55995258047.81955	2.40945639194104
676	0.18876412206301757	2.42764170476431	23342708699.656826	12.860715681732458
677	0.002187761623949552	0.0021636379468237977	20804211.027151898	0.9889733520957351
679	0.0380054744584897	0.02265607061765435	217846832.86206105	0.5961265038908997
680	0.010598855942119696	0.006534082139837606	62827712.883053906	0.616489381072844
681	0.1548816618912481	0.35090098691877786	3374047951.1420946	2.265607061765433
683	0.003507751198430535	0.0037599718171039947	36153575.164461486	1.0719037937429285
684	2.16956094789964	4.520480390867933	43466157604.49935	2.0835922564167775
685	0.004099641914582057	0.0025420529334976654	24442816.66824678	0.6200670659688136
686	0.004832051286639802	0.01679517717650394	161492088.2356148	3.475786199318938
687	0.00464865135089093	0.005823506836973222	55995258.04781943	1.2527303936994816
688	0.003673066419336369	0.003429135052871579	32972452.43145749	0.9335891762858831
689	0.0029215752385385275	0.0022656070617654302	21784683.28620606	0.7754744878310116
690	0.1551849084465936	0.07502130072012658	721358660.7704479	0.48343167819018257
691	0.0032564613250116387	0.010120095007519743	97308605.84153599	3.107696974562894
692	0.001174897554939529	0.0003429135052871579	3297245.243145749	0.29186672816321196
693	0.0134068641139281	0.047335240681821156	455146545.01751107	3.5306720706332513
695	0.013408539172959696	0.004843782007763032	46574826.99772146	0.36124606456244207
696	0.0011073976211395445	0.0017996356579510022	17304189.018759634	1.6251034168730871
697	0.013182567385564075	0.004520480390867941	43466157.60449943	0.34291350528715786
698	0.03392035230816019	0.07001395154844263	673211072.5811791	2.0640691143882792
699	0.0018892646477155998	0.0021636379468237977	20804211.027151898	1.1452275621840253
702	0.020892961308540396	0.02601264952854888	250121630.08220077	1.2450436845405786
705	3.0976713589762586	3.8475528116156417	36995700111.68886	1.2420790864293654
706	0.14791083881682077	0.023183798295663582	222921137.45830366	0.15674171332619788
709	0.0067681027973051705	0.0006534082139837606	6282771.288305391	0.09654230048691424
710	0.16649937481813318	0.10120095007519743	973086058.4153599	0.6078157962198895
711	0.027445641757665402	0.01135493335772629	109182051.51659894	0.4137244615369552
713	1.096478196143185	2.484188744253821	23886430233.209816	2.2656070617654303
714	0.004319215438249086	0.0033510784093503804	32221907.782215193	0.7758534986874452
716	0.18288791654068287	0.10120095007519743	973086058.4153599	0.553349570542489
717	0.004049314094345745	0.0053111013583828255	51068282.292142555	1.31160518414686
719	0.0012589254117941675	0.0009019544169454591	8672638.624475569	0.716447859814055
720	0.0023562393900834443	0.007676877129869258	73816126.24874286	3.258105760466634
721	0.018688587987527677	0.0027238587931786335	26190949.934409935	0.14574984450384762
722	0.0022908676527677724	0.0025420529334976654	24442816.66824678	1.109646351864289
723	0.0018620871366628676	0.0020662581980513666	19867867.288955446	1.1096463518642867
725	0.00832645912340181	0.0020662581980513666	19867867.288955446	0.24815568868212834
726	0.1	0.09229636342169613	887465032.9009243	0.9229636342169613
727	0.030327699590820385	0.02986651776093261	287178055.3935828	0.9847933791184292
728	0.0446683592150963	0.05190205931680666	499058262.6616025	1.1619423732776293
729	0.007943282347242814	0.0037599718171039947	36153575.164461486	0.47335240681821106
730	0.007712826371693887	0.011096463518642878	106696764.60233536	1.4387026213071457
731	0.017328826038536516	0.01135493335772629	109182051.51659894	0.6552627011474839
732	0.034673685045253165	0.02723858793178639	261909499.3440999	0.7855694569595613
733	0.04897788193684462	0.2163637946823793	2080421102.7151856	4.417581694557011
734	0.0025655060367179468	0.0027238587931786335	26190949.934409935	1.0617237902364351
735	1.6595869074375607	3.759971817103987	36153575164.46141	2.265607061765429
736	0.05925785469153881	0.03274798551958586	314884476.149864	0.5526353542505448
737	0.3510011945677046	0.624	6000000000.0	1.7777717274396245
738	0.13646735735972693	0.10843877171396107	1042680497.2496257	0.794613259990939
739	0.012846036212089124	0.007001395154844264	67321107.25811791	0.5450237753693551
741	0.01675450244354587	0.004417581694557018	42476747.06304824	0.2636653466399265
742	0.009549925860214359	0.004218757766445967	40564978.52351891	0.4417581694557021
743	2.853044821546828	5.072062420863982	48769830969.84597	1.7777717274396252
744	0.004767083379763205	0.012740444774737878	122504276.68017189	2.672586938341056
745	0.001071519305237606	0.0008225922048591982	7909540.431338444	0.7676877129869266
748	0.0562142160678647	0.013651632533445203	131265697.43697311	0.24285018076146875
749	0.01459256159615864	0.014968717414681646	143929975.14116967	1.0257772301349768
750	0.0011481536214968829	0.0037599718171039947	36153575.164461486	3.2747985519585825
751	0.0028840315031266055	0.0032002550361061167	30771683.03948189	1.109646351864288
752	0.05002338091341156	0.04520480390867932	434661576.04499346	0.9036735039346301
753	0.002754228703338166	0.008814234278445994	84752252.67736532	3.20025503610612
754	0.003311311214825911	0.005434812801325947	52257815.39736488	1.6412872269427197
755	0.00239883291901949	0.008417528387371935	80937772.95549937	3.509009869187786
756	3.750865878656105	6.097960258764261	58634233257.34867	1.6257473490225396
757	0.011748975549395297	0.015674171332619793	150713185.89057493	1.3340883438493938
759	0.0026915348039269166	0.010843877171396107	104268049.72496258	4.028882389176251
760	0.028840315031266057	0.254205293349766	2444281666.824673	8.814234278445975
761	0.11188429815986956	0.11619423732776281	1117252281.9977193	1.038521394322328
762	0.06760829753919818	0.15317383633874612	1472825349.4110203	2.2656070617654356
763	0.04570881896148749	0.02852230303196822	274252913.76892513	0.6240000000000006
764	0.45817916908501943	0.6686280464682656	6429115831.42563	1.4593156816873867
765	0.017036132933100214	0.03200255036106123	307716830.3948195	1.878510251518532
766	0.007943282347242814	0.004625775905717726	44478614.47805506	0.5823506836973226
767	0.4773418861430073	0.9664615702013871	9292899713.474876	2.0246737155428343
769	0.006606934480075957	0.007676877129869258	73816126.24874286	1.1619423732776293
770	0.008042755508039297	0.010120095007519743	97308605.84153599	1.2582870382425526
771	0.005754399373371567	0.0026012649528548938	25012163.008220132	0.45204803908679414
774	0.009772372209558112	0.010120095007519743	97308605.84153599	1.0355822302410393
776	0.0016118595903924253	0.0013969619904666427	13432326.831410026	0.8666772210143544
777	0.3981071705534972	0.18844498735308599	1811971032.2412114	0.47335240681821117
778	0.35481338923357547	0.3674384409418872	3533061932.1335306	1.035582230241037
779	0.05248074602497726	0.042187577664459665	405649785.2351891	0.8038677202565156
780	0.0011916325578214663	0.0024276417047643106	23342708.69965683	2.037240161684158
781	0.022720025232695347	0.011096463518642878	106696764.60233536	0.48840014062460047
783	0.08162805897173317	0.16412872269427178	1578160795.1372287	2.0106900098054226
784	0.47846057583086865	0.34291350528715786	3297245243.1457486	0.7167016941608467
785	0.2290867652767773	0.16795177176503942	1614920882.3561482	0.7331360742822659
786	0.025731218598059727	0.04956608184679521	476596940.8345693	1.9263013781450973
787	0.0012882495516931337	0.0008814234278445994	8475225.267736532	0.6842023943933482
788	0.010530666093767614	0.0066862804646826545	64291158.31425629	0.6349342392158659
790	0.016914250107328298	0.018415545574398277	177072553.59998342	1.0887592093970235
791	0.011053268763572594	0.005561405853954575	53475056.28802475	0.5031458089830287
792	0.36750139277706834	0.3127408337834174	3007123401.7636285	0.8509922409277249
